-4.400000000000000022e-01,0.000000000000000000e+00
-4.400000000000000022e-01,0.000000000000000000e+00
1.000000000000000056e-01,-1.000000000000000000e+00
1.000000000000000056e-01,-1.000000000000000000e+00
1.000000000000000056e-01,-1.000000000000000000e+00
1.000000000000000056e-01,-1.000000000000000000e+00
1.000000000000000056e-01,-1.000000000000000000e+00
1.000000000000000056e-01,-1.000000000000000000e+00
1.000000000000000056e-01,-1.000000000000000000e+00
1.000000000000000056e-01,-1.000000000000000000e+00
1.000000000000000056e-01,-1.000000000000000000e+00
1.000000000000000056e-01,-1.000000000000000000e+00
1.000000000000000056e-01,-1.000000000000000000e+00
1.000000000000000056e-01,-1.000000000000000000e+00
1.000000000000000056e-01,-1.000000000000000000e+00
1.000000000000000056e-01,-1.000000000000000000e+00
1.000000000000000056e-01,-1.000000000000000000e+00
1.000000000000000056e-01,-1.000000000000000000e+00
1.000000000000000056e-01,-1.000000000000000000e+00
1.000000000000000056e-01,-1.000000000000000000e+00
1.000000000000000056e-01,-1.000000000000000000e+00
1.000000000000000056e-01,-1.000000000000000000e+00
8.000000000000000444e-01,6.853565750624573960e-01
8.000000000000000444e-01,6.910247729556701080e-01
8.000000000000000444e-01,0.000000000000000000e+00
4.400000000000000022e-01,0.000000000000000000e+00
8.000000000000000444e-01,6.548024597818136172e-01
8.000000000000000444e-01,-3.595268807500691111e-01
8.000000000000000444e-01,6.778419021713458781e-01
8.000000000000000444e-01,7.583164901501064925e-01
8.000000000000000444e-01,-1.174131315253905683e-01
8.000000000000000444e-01,-1.477652062269297906e-01
8.000000000000000444e-01,8.600628930817609819e-01
8.000000000000000444e-01,5.127943381218491581e-02
8.000000000000000444e-01,9.206358287021902953e-01
8.000000000000000444e-01,-7.666672789164524771e-01
8.000000000000000444e-01,2.814327243455394534e-02
8.000000000000000444e-01,-8.924853610930383319e-01
8.000000000000000444e-01,-4.792327536525664566e-02
8.000000000000000444e-01,9.338970721949445553e-01
8.000000000000000444e-01,8.494900016239015361e-02
8.000000000000000444e-01,9.155442907510358275e-03
8.000000000000000444e-01,1.121420609383455558e-01
8.000000000000000444e-01,7.756706853481043495e-02
8.000000000000000444e-01,9.313820067868938679e-02
8.000000000000000444e-01,1.407425957788933646e-01
8.000000000000000444e-01,5.506535947712420942e-02
8.000000000000000444e-01,1.404263518517845366e-01
8.000000000000000444e-01,1.063810080895659649e-01
8.000000000000000444e-01,1.301694819504523037e-01
8.000000000000000444e-01,-8.290341669552294679e-01
8.000000000000000444e-01,5.162775217613935208e-02
8.000000000000000444e-01,-8.071021493703864902e-01
8.000000000000000444e-01,1.000000000000000000e+00
8.000000000000000444e-01,5.898316738188358332e-02
8.000000000000000444e-01,6.121678388076901012e-02
8.000000000000000444e-01,3.171020156314274807e-02
8.000000000000000444e-01,5.348267785031790567e-02
8.000000000000000444e-01,5.462643369471475996e-02
8.000000000000000444e-01,8.289683577938744552e-02
8.000000000000000444e-01,6.426820030886515323e-02
8.000000000000000444e-01,7.421458152042637035e-02
8.000000000000000444e-01,-4.755818047301330065e-02
8.000000000000000444e-01,1.184813096471220017e-01
8.000000000000000444e-01,7.592901232183102422e-02
8.000000000000000444e-01,9.661211802822766703e-02
8.000000000000000444e-01,4.374421574002507196e-02
8.000000000000000444e-01,-8.276107893993648323e-01
8.000000000000000444e-01,2.523687587884548833e-02
8.000000000000000444e-01,3.224844043559138562e-02
8.000000000000000444e-01,-9.161781249696935303e-01
8.000000000000000444e-01,1.014077591917703636e-01
8.000000000000000444e-01,9.366605052773591122e-01
8.000000000000000444e-01,5.096677649618286399e-02
8.000000000000000444e-01,-2.479764188462185714e-03
8.000000000000000444e-01,1.923315699459482442e-02
8.000000000000000444e-01,2.885702846307525160e-02
8.000000000000000444e-01,-9.494148639144872615e-02
8.000000000000000444e-01,1.432074923349013762e-02
8.000000000000000444e-01,6.809602630112066013e-02
8.000000000000000444e-01,7.613626030408848777e-02
8.000000000000000444e-01,7.517310857445103078e-02
8.000000000000000444e-01,7.275525126522075503e-02
8.000000000000000444e-01,-8.872680615704625628e-01
8.000000000000000444e-01,1.553980370774254993e-02
8.000000000000000444e-01,0.000000000000000000e+00
8.000000000000000444e-01,9.787234042553191182e-01
8.000000000000000444e-01,-8.911293017654945414e-01
8.000000000000000444e-01,-9.660714285714285809e-01
8.000000000000000444e-01,9.884057971014493793e-01
8.000000000000000444e-01,1.039273824386182099e-01
8.000000000000000444e-01,1.160854231974920436e-01
8.000000000000000444e-01,1.139313399120590597e-01
8.000000000000000444e-01,1.250885418907098368e-01
8.000000000000000444e-01,1.225450140509849462e-01
8.000000000000000444e-01,5.638265021376909214e-02
8.000000000000000444e-01,1.008003238618597752e-01
8.000000000000000444e-01,-8.094531097852353252e-01
8.000000000000000444e-01,9.795993727829582776e-01
8.000000000000000444e-01,-7.627539385180999165e-01
8.000000000000000444e-01,-8.363184079601990728e-01
8.000000000000000444e-01,7.024390243902438602e-01
8.000000000000000444e-01,1.791044776119402604e-01
8.000000000000000444e-01,1.377731054149379242e-01
8.000000000000000444e-01,5.727157380162839484e-02
8.000000000000000444e-01,1.369435370784110040e-01
8.000000000000000444e-01,-1.868650217706824268e-02
8.000000000000000444e-01,6.833393975428703193e-03
8.000000000000000444e-01,9.547226907097816628e-02
8.000000000000000444e-01,1.613968410817727683e-01
8.000000000000000444e-01,1.234022212373361294e-01
8.000000000000000444e-01,1.347676338326104784e-01
8.000000000000000444e-01,9.279760661587488357e-02
8.000000000000000444e-01,-7.838514816831243515e-01
8.000000000000000444e-01,1.296879599646747483e-01
8.000000000000000444e-01,-8.458517237480976947e-01
8.000000000000000444e-01,1.595836712625032794e-01
8.000000000000000444e-01,9.391891891891891442e-01
8.000000000000000444e-01,1.116246622079071216e-01
8.000000000000000444e-01,1.050118377812071513e-01
8.000000000000000444e-01,-8.851232617983143536e-01
8.000000000000000444e-01,1.219888877865892285e-01
8.000000000000000444e-01,1.044189568779729793e-02
8.000000000000000444e-01,1.430745814307458064e-01
8.000000000000000444e-01,1.575358388221620443e-01
8.000000000000000444e-01,1.085209334552613702e-01
8.000000000000000444e-01,4.077645842550048361e-02
8.000000000000000444e-01,1.341551991043214986e-01
8.000000000000000444e-01,-7.904891227822584687e-01
8.000000000000000444e-01,9.214175920940392839e-02
8.000000000000000444e-01,7.988705321126654546e-02
8.000000000000000444e-01,6.998704820384749059e-02
8.000000000000000444e-01,1.550003673137391180e-01
8.000000000000000444e-01,-8.364076214943265697e-01
8.000000000000000444e-01,1.197063805759458477e-01
8.000000000000000444e-01,9.519230769230768718e-01
8.000000000000000444e-01,9.426923076923077183e-01
8.000000000000000444e-01,-8.290911750561850146e-01
8.000000000000000444e-01,2.481670853428075141e-02
8.000000000000000444e-01,-3.559131220793543271e-03
8.000000000000000444e-01,1.443045721329005993e-02
8.000000000000000444e-01,1.135199711886127893e-01
8.000000000000000444e-01,1.254446749106774561e-01
8.000000000000000444e-01,8.853079661643525888e-02
8.000000000000000444e-01,1.130498919132966185e-01
8.000000000000000444e-01,-8.755971796432243659e-01
8.000000000000000444e-01,6.649444061415887841e-02
8.000000000000000444e-01,4.451535195381828292e-02
8.000000000000000444e-01,-2.549512064377801313e-02
8.000000000000000444e-01,8.240889879000079521e-02
8.000000000000000444e-01,3.290246409420405360e-02
8.000000000000000444e-01,5.374789258485779264e-03
8.000000000000000444e-01,-1.347604386420586664e-02
8.000000000000000444e-01,-5.238558563526507506e-03
8.000000000000000444e-01,3.190920405279473737e-02
8.000000000000000444e-01,1.202249266461252741e-02
8.000000000000000444e-01,-6.797373916132776195e-03
8.000000000000000444e-01,2.863265108446477747e-02
8.000000000000000444e-01,8.976075361491520077e-02
8.000000000000000444e-01,-1.161540643429059827e-02
8.000000000000000444e-01,6.009006229980795588e-03
8.000000000000000444e-01,-8.886587806175342275e-01
8.000000000000000444e-01,-9.069767441860464574e-01
8.000000000000000444e-01,9.000399840063975088e-01
8.000000000000000444e-01,2.860596293311845617e-02
8.000000000000000444e-01,3.113553113553113594e-02
8.000000000000000444e-01,9.414351851851852082e-01
8.000000000000000444e-01,1.326499430852945416e-02
8.000000000000000444e-01,-2.420130784504770372e-02
8.000000000000000444e-01,-9.264103817336299951e-02
8.000000000000000444e-01,5.333517148355226833e-02
8.000000000000000444e-01,3.662395417537578357e-02
8.000000000000000444e-01,-2.899131448643299525e-02
8.000000000000000444e-01,1.370635841461542714e-02
8.000000000000000444e-01,6.468635252116294865e-02
8.000000000000000444e-01,-8.450836721650044625e-01
8.000000000000000444e-01,4.528386554944785480e-02
8.000000000000000444e-01,-9.093231406274885353e-01
8.000000000000000444e-01,8.999751119960179846e-01
8.000000000000000444e-01,2.996183337329683116e-02
8.000000000000000444e-01,1.749869660351877076e-02
8.000000000000000444e-01,5.382934639095071638e-02
8.000000000000000444e-01,4.320808601530912174e-02
8.000000000000000444e-01,7.365689054285540216e-02
8.000000000000000444e-01,6.570877485890935787e-02
8.000000000000000444e-01,-9.493916143533676077e-04
8.000000000000000444e-01,7.122328550719225770e-02
8.000000000000000444e-01,1.401382773368996526e-01
8.000000000000000444e-01,3.618107716623897296e-02
8.000000000000000444e-01,1.653404141547265560e-02
8.000000000000000444e-01,8.852068616055064343e-02
8.000000000000000444e-01,1.065612236913856536e-01
8.000000000000000444e-01,1.032216432756882796e-01
8.000000000000000444e-01,1.729812960697163504e-01
8.000000000000000444e-01,-8.593210941595174068e-01
8.000000000000000444e-01,7.670114744576561616e-02
8.000000000000000444e-01,1.190980328653190590e-02
8.000000000000000444e-01,-1.568729161923043680e-02
8.000000000000000444e-01,9.467728658550829124e-01
8.000000000000000444e-01,-8.695421888298672242e-01
8.000000000000000444e-01,-3.062460142004652663e-02
8.000000000000000444e-01,5.209656262476636268e-02
8.000000000000000444e-01,1.229325220937484975e-01
8.000000000000000444e-01,-9.193609589340624444e-01
8.000000000000000444e-01,1.830994374782235479e-02
8.000000000000000444e-01,9.393877551020408667e-01
8.000000000000000444e-01,1.041779843576251530e-01
8.000000000000000444e-01,4.627536740930549009e-02
8.000000000000000444e-01,4.555628605589823188e-02
8.000000000000000444e-01,-8.162692316782076407e-01
8.000000000000000444e-01,6.290127195639005908e-02
8.000000000000000444e-01,-8.305084745762711940e-01
8.000000000000000444e-01,9.542330521711965829e-01
8.000000000000000444e-01,1.299511665762344004e-01
8.000000000000000444e-01,1.538992680633547439e-01
8.000000000000000444e-01,-7.108744076199213779e-03
8.000000000000000444e-01,1.287543430400572841e-01
8.000000000000000444e-01,1.346697966302282667e-01
8.000000000000000444e-01,1.611242633621222664e-01
8.000000000000000444e-01,3.033623114114558650e-02
8.000000000000000444e-01,1.005354411799158632e-01
8.000000000000000444e-01,1.137036268366095060e-01
8.000000000000000444e-01,1.019175343572767956e-01
8.000000000000000444e-01,9.402828255228234955e-02
8.000000000000000444e-01,6.448147788515179446e-02
8.000000000000000444e-01,-8.489356948665155445e-01
8.000000000000000444e-01,6.528296658670607044e-03
8.000000000000000444e-01,1.304989791181581094e-01
8.000000000000000444e-01,5.077014920065359149e-02
8.000000000000000444e-01,5.596770600093670112e-02
8.000000000000000444e-01,-9.449295664856125487e-01
8.000000000000000444e-01,4.221334221334227532e-02
8.000000000000000444e-01,9.106743050252937843e-01
8.000000000000000444e-01,7.730368025695710799e-02
8.000000000000000444e-01,-1.049878914225466087e-02
8.000000000000000444e-01,5.205520527308438172e-02
8.000000000000000444e-01,-2.565552799974746279e-02
8.000000000000000444e-01,1.014474471716858561e-01
8.000000000000000444e-01,-8.200401819583276186e-01
8.000000000000000444e-01,-1.407374248886739121e-02
8.000000000000000444e-01,-2.842700775155693194e-03
8.000000000000000444e-01,6.133952054764835182e-02
8.000000000000000444e-01,2.706843718079665617e-02
8.000000000000000444e-01,-3.168936772233177379e-03
8.000000000000000444e-01,7.709366565689268480e-02
8.000000000000000444e-01,6.628741830068685115e-02
8.000000000000000444e-01,8.910206007729182254e-03
8.000000000000000444e-01,9.029125207728549984e-02
8.000000000000000444e-01,6.895823567455761083e-02
8.000000000000000444e-01,-1.480080921257391768e-01
8.000000000000000444e-01,-8.699999999999998845e-01
8.000000000000000444e-01,9.841981132075471317e-01
8.000000000000000444e-01,5.431666286929437426e-02
8.000000000000000444e-01,9.398462234283130323e-01
8.000000000000000444e-01,-7.716381346911740380e-01
8.000000000000000444e-01,1.988494083385405897e-02
8.000000000000000444e-01,-8.038869862260794585e-01
8.000000000000000444e-01,1.720030737704918433e-01
8.000000000000000444e-01,8.975606641123889951e-02
8.000000000000000444e-01,9.504974192474202610e-02
8.000000000000000444e-01,-9.451951951951951258e-01
8.000000000000000444e-01,9.657689131087155987e-01
8.000000000000000444e-01,1.264111558939146063e-01
8.000000000000000444e-01,-8.622396950862184495e-01
8.000000000000000444e-01,0.000000000000000000e+00
4.400000000000000022e-01,0.000000000000000000e+00
8.000000000000000444e-01,9.657991708889912541e-01
8.000000000000000444e-01,2.010527583210310887e-01
8.000000000000000444e-01,2.027194990017765486e-01
8.000000000000000444e-01,2.077522885176361633e-01
8.000000000000000444e-01,2.736235531948628674e-01
8.000000000000000444e-01,-7.653055210807881981e-01
8.000000000000000444e-01,8.253020283281908842e-02
8.000000000000000444e-01,1.200205756563874626e-01
8.000000000000000444e-01,1.226805777275011833e-01
8.000000000000000444e-01,4.250250084981288534e-02
8.000000000000000444e-01,1.363954275804670768e-01
8.000000000000000444e-01,-8.159685758619361629e-03
8.000000000000000444e-01,-5.299676384846652155e-02
8.000000000000000444e-01,-2.553769067963984618e-02
8.000000000000000444e-01,-1.560249261842328039e-02
8.000000000000000444e-01,-5.119251722713680230e-02
8.000000000000000444e-01,5.064342235463148434e-03
8.000000000000000444e-01,7.334313739000963839e-02
8.000000000000000444e-01,-1.693164809099811929e-02
8.000000000000000444e-01,-9.101131721328971080e-01
8.000000000000000444e-01,5.369162548686368108e-02
8.000000000000000444e-01,2.539418658974113008e-02
8.000000000000000444e-01,-4.905522906884063339e-02
8.000000000000000444e-01,3.586876641246783404e-02
8.000000000000000444e-01,1.157748322696776633e-01
8.000000000000000444e-01,-3.108895597054273097e-02
8.000000000000000444e-01,-6.676808654496280138e-02
8.000000000000000444e-01,-1.055855394686056048e-01
8.000000000000000444e-01,-3.593628361377465552e-02
8.000000000000000444e-01,6.754474839581214862e-02
8.000000000000000444e-01,9.855106277315683894e-02
8.000000000000000444e-01,-1.917151616143408788e-02
8.000000000000000444e-01,0.000000000000000000e+00
4.400000000000000022e-01,0.000000000000000000e+00
8.000000000000000444e-01,3.816657251546118346e-03
8.000000000000000444e-01,1.184669326721031757e-01
8.000000000000000444e-01,5.782758173983582051e-02
8.000000000000000444e-01,9.102670035162907514e-02
8.000000000000000444e-01,-8.870475127107009250e-01
8.000000000000000444e-01,1.137275453513902912e-01
8.000000000000000444e-01,1.489640130861504819e-01
8.000000000000000444e-01,9.650887214389888280e-01
8.000000000000000444e-01,5.549809987490061935e-02
8.000000000000000444e-01,9.139848828174057527e-02
8.000000000000000444e-01,7.045632021907610731e-02
8.000000000000000444e-01,8.786861952733437953e-02
8.000000000000000444e-01,-3.469046805999165262e-02
8.000000000000000444e-01,-3.585431668033822739e-03
8.000000000000000444e-01,7.580263977124745978e-03
8.000000000000000444e-01,2.549854394436035232e-02
8.000000000000000444e-01,4.967197359035635529e-02
8.000000000000000444e-01,5.986983590202665795e-02
8.000000000000000444e-01,-8.357846734024256818e-01
8.000000000000000444e-01,-8.675337073770738039e-01
8.000000000000000444e-01,9.182888531787294362e-01
8.000000000000000444e-01,7.818818734474286547e-02
8.000000000000000444e-01,-2.611888155771446840e-02
8.000000000000000444e-01,-8.238025436822428160e-01
8.000000000000000444e-01,8.993387209321195286e-01
8.000000000000000444e-01,6.610321044804778889e-02
8.000000000000000444e-01,-1.033985409876173600e-01
8.000000000000000444e-01,-8.456838790378151671e-02
8.000000000000000444e-01,-5.088152136357837474e-02
8.000000000000000444e-01,1.966171890538714884e-03
8.000000000000000444e-01,8.672404933196300458e-01
8.000000000000000444e-01,6.623002801917077242e-03
8.000000000000000444e-01,3.475611602220907148e-02
8.000000000000000444e-01,-8.979296935929891310e-01
8.000000000000000444e-01,4.038012663091183896e-02
8.000000000000000444e-01,-8.280862113100712074e-01
8.000000000000000444e-01,3.060699588477366895e-02
8.000000000000000444e-01,2.416398335752578674e-03
8.000000000000000444e-01,-9.104477611940298143e-01
8.000000000000000444e-01,9.161290322580645240e-01
8.000000000000000444e-01,1.000000000000000000e+00
8.000000000000000444e-01,2.689409629436201321e-03
8.000000000000000444e-01,-6.835519103615328440e-02
8.000000000000000444e-01,-2.214900644563067011e-02
8.000000000000000444e-01,7.660451759468733801e-02
8.000000000000000444e-01,-1.544314897335996584e-02
8.000000000000000444e-01,9.159409979387944656e-02
8.000000000000000444e-01,4.752913180287754447e-02
8.000000000000000444e-01,8.863075582271906505e-02
8.000000000000000444e-01,-8.580427851573275699e-01
8.000000000000000444e-01,9.250161286815075101e-01
8.000000000000000444e-01,-8.580498895282933081e-01
8.000000000000000444e-01,4.543733455327170212e-02
8.000000000000000444e-01,1.552990816579802313e-02
8.000000000000000444e-01,3.398822279802837798e-02
8.000000000000000444e-01,7.563985348281587751e-02
8.000000000000000444e-01,-1.635936784241864839e-02
8.000000000000000444e-01,-3.000447405391770683e-02
8.000000000000000444e-01,4.647735162441046786e-02
8.000000000000000444e-01,6.851405682693001431e-02
8.000000000000000444e-01,1.062292532183610749e-01
8.000000000000000444e-01,2.767870483404333282e-02
8.000000000000000444e-01,6.527756412720508994e-02
8.000000000000000444e-01,4.797458482429584059e-02
8.000000000000000444e-01,1.253580203155911788e-01
8.000000000000000444e-01,8.970677024448947545e-02
8.000000000000000444e-01,-9.044182753337132175e-01
8.000000000000000444e-01,9.379844961240310086e-01
8.000000000000000444e-01,4.860805506544707555e-02
8.000000000000000444e-01,-8.220067708342818635e-01
8.000000000000000444e-01,5.337079510703368612e-02
8.000000000000000444e-01,-6.063773831702978789e-03
8.000000000000000444e-01,8.431463172842379450e-03
8.000000000000000444e-01,1.770094562647753778e-01
8.000000000000000444e-01,-1.128222936071225924e-01
8.000000000000000444e-01,2.276413600047860752e-01
8.000000000000000444e-01,1.397936499346557060e-01
8.000000000000000444e-01,1.238861782772765485e-01
8.000000000000000444e-01,1.477384836503380372e-01
8.000000000000000444e-01,1.367176827264465766e-01
8.000000000000000444e-01,1.416064201949890355e-01
8.000000000000000444e-01,-8.317317294992331300e-01
8.000000000000000444e-01,6.409949772781631250e-02
8.000000000000000444e-01,8.941587930002004025e-02
8.000000000000000444e-01,1.360667142185798539e-01
8.000000000000000444e-01,1.354779823073586353e-01
8.000000000000000444e-01,1.611823528336071565e-01
8.000000000000000444e-01,-3.606636288498077381e-02
8.000000000000000444e-01,3.878761273783326580e-02
8.000000000000000444e-01,2.778123658290909681e-02
8.000000000000000444e-01,3.196564266833168411e-02
8.000000000000000444e-01,-1.101498477824081057e-02
8.000000000000000444e-01,-3.339945121741316747e-02
8.000000000000000444e-01,1.554167425247865442e-02
8.000000000000000444e-01,5.036756857504853802e-02
8.000000000000000444e-01,9.199893812493953327e-02
8.000000000000000444e-01,5.585107738455408199e-02
8.000000000000000444e-01,-8.697132847767025110e-01
8.000000000000000444e-01,1.140397576542939717e-03
8.000000000000000444e-01,6.526345974955738427e-02
8.000000000000000444e-01,4.097967928017198780e-03
8.000000000000000444e-01,1.834201274154748651e-01
8.000000000000000444e-01,-1.724007124359661081e-02
8.000000000000000444e-01,4.477059710296915629e-02
8.000000000000000444e-01,-4.500304609761052177e-02
8.000000000000000444e-01,-9.625997503365546493e-02
8.000000000000000444e-01,-1.275648262697448576e-02
8.000000000000000444e-01,6.619685580192447016e-02
8.000000000000000444e-01,-4.771629336321792092e-02
8.000000000000000444e-01,5.992291221480228192e-02
8.000000000000000444e-01,6.239327016271933868e-02
8.000000000000000444e-01,-2.818602789316204671e-02
8.000000000000000444e-01,6.684277839945962363e-02
8.000000000000000444e-01,5.106625531079678204e-02
8.000000000000000444e-01,5.151702357371035212e-02
8.000000000000000444e-01,-1.685652522224356797e-02
8.000000000000000444e-01,-8.266117522394745842e-01
8.000000000000000444e-01,8.613861386138613740e-01
8.000000000000000444e-01,-2.190086035870220105e-02
8.000000000000000444e-01,-4.446320582670904020e-02
8.000000000000000444e-01,1.969518463036257216e-02
8.000000000000000444e-01,-2.834532785893650875e-02
8.000000000000000444e-01,-4.080537100144421281e-02
8.000000000000000444e-01,3.807788406097079026e-02
8.000000000000000444e-01,-8.507036164291936764e-03
8.000000000000000444e-01,2.663971180668200933e-02
8.000000000000000444e-01,7.908667588616291599e-02
8.000000000000000444e-01,-8.424736743083593993e-01
8.000000000000000444e-01,5.135658914728691293e-02
8.000000000000000444e-01,2.047947570623687152e-02
8.000000000000000444e-01,1.102332057083188488e-02
8.000000000000000444e-01,6.516684277123363511e-02
8.000000000000000444e-01,9.689903846153846700e-01
8.000000000000000444e-01,-8.667500993084407135e-01
8.000000000000000444e-01,1.134302865250313985e-02
8.000000000000000444e-01,5.175025912203667922e-02
8.000000000000000444e-01,6.787718699274647438e-02
8.000000000000000444e-01,1.019139566395664831e-01
8.000000000000000444e-01,-9.171477074054911194e-01
8.000000000000000444e-01,9.224867724867724661e-01
8.000000000000000444e-01,1.726261260686613452e-01
8.000000000000000444e-01,1.844199196130527074e-01
8.000000000000000444e-01,1.439030301585525473e-01
8.000000000000000444e-01,1.139240337200091435e-01
8.000000000000000444e-01,-8.162442955308663040e-01
8.000000000000000444e-01,-8.333333333333333703e-01
8.000000000000000444e-01,9.724747474747474918e-01
8.000000000000000444e-01,-8.199999999999999512e-01
8.000000000000000444e-01,1.000000000000000000e+00
8.000000000000000444e-01,1.361837396320154658e-01
8.000000000000000444e-01,9.653926870844742325e-02
8.000000000000000444e-01,9.826508649121501460e-02
8.000000000000000444e-01,2.019964065968904432e-02
8.000000000000000444e-01,1.932038759799050709e-01
8.000000000000000444e-01,9.884441033145940914e-02
8.000000000000000444e-01,1.228612997333030643e-01
8.000000000000000444e-01,-8.248708133971291989e-01
8.000000000000000444e-01,1.354895182496267392e-01
8.000000000000000444e-01,1.674048216513749354e-01
8.000000000000000444e-01,1.446890701946106361e-01
8.000000000000000444e-01,1.140904946456945401e-01
8.000000000000000444e-01,-8.021403420924472227e-01
8.000000000000000444e-01,1.203086045414729632e-01
8.000000000000000444e-01,9.216519559768998615e-02
8.000000000000000444e-01,1.660151751612191084e-01
8.000000000000000444e-01,8.235822165552197927e-02
8.000000000000000444e-01,3.393420827356274927e-02
8.000000000000000444e-01,9.806706134323084356e-02
8.000000000000000444e-01,-3.270293347041985932e-03
8.000000000000000444e-01,-1.960541883981570255e-02
8.000000000000000444e-01,9.113924050632911111e-01
8.000000000000000444e-01,2.688279704239271428e-02
8.000000000000000444e-01,-7.850190962265678474e-01
8.000000000000000444e-01,1.283952788081739183e-01
8.000000000000000444e-01,8.394605882958028342e-02
8.000000000000000444e-01,6.982329391243768946e-03
8.000000000000000444e-01,4.135538539166572214e-02
8.000000000000000444e-01,-8.317403875262190383e-01
8.000000000000000444e-01,-4.866050914438002639e-02
8.000000000000000444e-01,-3.944026787861010241e-02
8.000000000000000444e-01,-4.056702063714689999e-02
8.000000000000000444e-01,-3.692286198339456149e-02
8.000000000000000444e-01,3.078840829481299668e-02
8.000000000000000444e-01,5.479868715162827808e-02
8.000000000000000444e-01,1.110779384098783407e-01
8.000000000000000444e-01,3.550917984880241907e-02
8.000000000000000444e-01,8.651303585998659784e-02
8.000000000000000444e-01,-1.922260811785581058e-02
8.000000000000000444e-01,2.610026149025901354e-02
8.000000000000000444e-01,-2.055912221331790413e-02
8.000000000000000444e-01,7.165323817074309432e-02
8.000000000000000444e-01,9.388278859671361776e-02
8.000000000000000444e-01,2.285586528572836063e-02
8.000000000000000444e-01,1.147364265875716605e-02
8.000000000000000444e-01,-8.121980512048818657e-01
8.000000000000000444e-01,2.009158813225830897e-03
8.000000000000000444e-01,4.644667347106379296e-02
8.000000000000000444e-01,9.519867549668881157e-02
8.000000000000000444e-01,9.343448706761895428e-01
8.000000000000000444e-01,4.271332638819813621e-02
8.000000000000000444e-01,6.147457595999139546e-02
8.000000000000000444e-01,8.223500493723223670e-02
8.000000000000000444e-01,8.808174610757213419e-02
8.000000000000000444e-01,9.095269331000244151e-02
8.000000000000000444e-01,-1.196865834683591423e-02
8.000000000000000444e-01,1.065330928770776842e-01
8.000000000000000444e-01,-8.193417938805015455e-01
8.000000000000000444e-01,6.566140254271002341e-02
8.000000000000000444e-01,-8.813006918681207669e-01
8.000000000000000444e-01,-8.504672897196261516e-01
8.000000000000000444e-01,9.130434782608695121e-01
8.000000000000000444e-01,-9.268292682926829729e-01
8.000000000000000444e-01,1.003846153846153832e+00
8.000000000000000444e-01,1.150502137600106778e-01
8.000000000000000444e-01,8.646149448036233309e-02
8.000000000000000444e-01,1.560422543000939966e-01
8.000000000000000444e-01,-8.345990547144115368e-01
8.000000000000000444e-01,1.000000000000000000e+00
8.000000000000000444e-01,9.686293436293436088e-01
8.000000000000000444e-01,-7.598472646369037742e-01
8.000000000000000444e-01,1.419404384425885235e-01
8.000000000000000444e-01,1.938884042760847803e-01
8.000000000000000444e-01,1.160605686575449935e-01
8.000000000000000444e-01,1.347846416782275680e-01
8.000000000000000444e-01,-7.850914598661299371e-01
8.000000000000000444e-01,1.073588709677418818e-01
8.000000000000000444e-01,7.180394680394686091e-02
8.000000000000000444e-01,-9.003152550946668109e-01
8.000000000000000444e-01,9.193014705882353033e-01
8.000000000000000444e-01,3.827163797485155783e-03
8.000000000000000444e-01,6.340710019567596945e-02
8.000000000000000444e-01,4.498684311401079938e-02
8.000000000000000444e-01,3.608591960492868456e-02
8.000000000000000444e-01,-6.398411233262679687e-04
8.000000000000000444e-01,-8.859160066968143621e-01
8.000000000000000444e-01,1.362745098039216396e-01
8.000000000000000444e-01,1.009009009009009139e+00
8.000000000000000444e-01,1.360586115861989187e-01
8.000000000000000444e-01,1.262775183202002882e-01
8.000000000000000444e-01,9.788408953054139605e-02
8.000000000000000444e-01,-7.887522371509103625e-01
8.000000000000000444e-01,1.442180514371560474e-02
8.000000000000000444e-01,2.631371547974881153e-03
8.000000000000000444e-01,-2.872827655436360761e-02
8.000000000000000444e-01,4.750019359152490850e-02
8.000000000000000444e-01,-9.487021580384391584e-04
8.000000000000000444e-01,-1.592878438833045251e-04
8.000000000000000444e-01,-3.354731531683186052e-02
8.000000000000000444e-01,-3.568266835519151581e-02
8.000000000000000444e-01,4.377073401042497203e-02
8.000000000000000444e-01,4.855341718574535115e-02
8.000000000000000444e-01,6.852267668688372115e-02
8.000000000000000444e-01,1.036697444929213230e-01
8.000000000000000444e-01,1.145575986974487481e-01
8.000000000000000444e-01,-8.398858064303169613e-01
8.000000000000000444e-01,-8.552036199095022218e-01
8.000000000000000444e-01,8.913043478260869179e-01
8.000000000000000444e-01,1.206892765159610637e-01
8.000000000000000444e-01,1.187416181055765962e-01
8.000000000000000444e-01,1.266647584788398451e-01
8.000000000000000444e-01,5.947083695862254160e-02
8.000000000000000444e-01,3.405381604696677833e-02
8.000000000000000444e-01,-9.095217878650752041e-04
8.000000000000000444e-01,2.849360704141878919e-03
8.000000000000000444e-01,4.022494643599161535e-03
8.000000000000000444e-01,1.055417185554171633e-01
8.000000000000000444e-01,1.030698455859840879e-01
8.000000000000000444e-01,7.154065454967029059e-02
8.000000000000000444e-01,6.693159722367880704e-02
8.000000000000000444e-01,3.509632362233916503e-02
8.000000000000000444e-01,4.362636760848637163e-02
8.000000000000000444e-01,8.059381979041957411e-02
8.000000000000000444e-01,6.632148135907522946e-02
8.000000000000000444e-01,-9.114303357773863024e-01
8.000000000000000444e-01,-8.587691771158524334e-01
8.000000000000000444e-01,9.009262889030528187e-01
8.000000000000000444e-01,1.084858381384405934e-01
8.000000000000000444e-01,-7.209330602493080331e-02
8.000000000000000444e-01,4.579123777910465432e-02
8.000000000000000444e-01,-1.154211443854757935e-02
8.000000000000000444e-01,6.404541460091717209e-02
8.000000000000000444e-01,-4.533149838234573625e-02
8.000000000000000444e-01,4.000048939369316159e-02
8.000000000000000444e-01,-8.684009168626884989e-01
8.000000000000000444e-01,9.379070777247069390e-01
8.000000000000000444e-01,-6.147540983606591958e-03
8.000000000000000444e-01,1.004749460759912782e-02
8.000000000000000444e-01,5.617371956729733107e-02
8.000000000000000444e-01,1.990324753482641817e-02
8.000000000000000444e-01,-5.064361832139574471e-02
8.000000000000000444e-01,-8.400499032374667552e-01
8.000000000000000444e-01,-8.527607361963189803e-01
8.000000000000000444e-01,8.908666937025664367e-01
8.000000000000000444e-01,9.682540180813661301e-01
8.000000000000000444e-01,1.028919666374443764e-01
8.000000000000000444e-01,5.731882803645760305e-02
8.000000000000000444e-01,1.210061993665121349e-01
8.000000000000000444e-01,1.055769754330100341e-01
8.000000000000000444e-01,1.239806237949930834e-01
8.000000000000000444e-01,1.088800049802873815e-01
8.000000000000000444e-01,-8.063698160014460825e-01
8.000000000000000444e-01,2.731306154309576240e-02
8.000000000000000444e-01,2.727414349460965948e-02
8.000000000000000444e-01,6.184838064145048442e-03
8.000000000000000444e-01,9.253246753246757716e-02
8.000000000000000444e-01,3.994516741950915328e-02
8.000000000000000444e-01,8.544642080536746231e-02
8.000000000000000444e-01,2.128284632750654382e-02
8.000000000000000444e-01,7.313859788845678001e-02
8.000000000000000444e-01,-9.293520537046506824e-02
8.000000000000000444e-01,-1.545682172346007910e-02
8.000000000000000444e-01,-9.119404786139706509e-03
8.000000000000000444e-01,2.459311780396800096e-02
8.000000000000000444e-01,3.943168821673226354e-02
8.000000000000000444e-01,8.738631845596867009e-03
8.000000000000000444e-01,7.225356684759098869e-03
8.000000000000000444e-01,3.611243876612946213e-02
8.000000000000000444e-01,8.257992037397765550e-02
8.000000000000000444e-01,-1.730050237672231539e-02
8.000000000000000444e-01,-8.331348902863709993e-01
8.000000000000000444e-01,2.135958000610627128e-02
8.000000000000000444e-01,5.506989405765772005e-03
8.000000000000000444e-01,2.843688737902649866e-02
8.000000000000000444e-01,7.828565924529429232e-02
8.000000000000000444e-01,4.950891088864806111e-02
8.000000000000000444e-01,4.076719176465692929e-02
8.000000000000000444e-01,-5.649703905026703943e-02
8.000000000000000444e-01,4.769967699690624841e-02
8.000000000000000444e-01,-7.928605068641569886e-03
8.000000000000000444e-01,6.185374328256820764e-02
8.000000000000000444e-01,6.984159179052529254e-02
8.000000000000000444e-01,8.217253594696738439e-02
8.000000000000000444e-01,5.225416216485512244e-02
8.000000000000000444e-01,3.577013130792916495e-02
8.000000000000000444e-01,-8.305874840357598821e-01
8.000000000000000444e-01,9.884559884559884768e-02
8.000000000000000444e-01,-8.000000000000000444e-01
8.000000000000000444e-01,9.736024844720496674e-01
8.000000000000000444e-01,9.753782862792874653e-01
8.000000000000000444e-01,3.609029077780068206e-02
8.000000000000000444e-01,7.124750339132368548e-02
8.000000000000000444e-01,1.193602060707323886e-01
8.000000000000000444e-01,5.206184222873921907e-02
8.000000000000000444e-01,1.232927609234946154e-02
8.000000000000000444e-01,-8.095919948161300894e-02
8.000000000000000444e-01,1.036148155145608651e-01
8.000000000000000444e-01,-8.505639292931727047e-01
8.000000000000000444e-01,-3.569768425264574496e-03
8.000000000000000444e-01,7.242090211510421316e-02
8.000000000000000444e-01,-9.113839947458218793e-01
8.000000000000000444e-01,-8.747401247401247470e-01
8.000000000000000444e-01,9.098360655737705027e-01
8.000000000000000444e-01,-8.520408163265306145e-01
8.000000000000000444e-01,9.428571428571428381e-01
8.000000000000000444e-01,7.599784600899939235e-02
8.000000000000000444e-01,1.251529535864978060e-01
8.000000000000000444e-01,-8.241758241758241343e-01
8.000000000000000444e-01,9.677572105036590377e-01
8.000000000000000444e-01,1.001012461059189951e+00
8.000000000000000444e-01,1.658117014634443720e-01
8.000000000000000444e-01,1.564179592603401892e-01
8.000000000000000444e-01,1.601543602095480967e-01
8.000000000000000444e-01,1.488570927439127889e-01
8.000000000000000444e-01,-8.055418733247973195e-01
8.000000000000000444e-01,1.237380210031693295e-01
8.000000000000000444e-01,-7.692716026126718010e-01
8.000000000000000444e-01,1.686274509803922239e-01
8.000000000000000444e-01,-8.092688700220976861e-01
8.000000000000000444e-01,1.352657004830915000e-02
8.000000000000000444e-01,1.383409202160870155e-01
8.000000000000000444e-01,9.417541027710518708e-01
8.000000000000000444e-01,1.461050741165392797e-02
8.000000000000000444e-01,3.454403562204089173e-02
8.000000000000000444e-01,3.901422150563271796e-02
8.000000000000000444e-01,6.382362322966073087e-03
8.000000000000000444e-01,4.645237039332617002e-02
8.000000000000000444e-01,1.107053016541007517e-01
8.000000000000000444e-01,1.290335261980682935e-01
8.000000000000000444e-01,1.511727747278311940e-01
8.000000000000000444e-01,-8.406441080922559816e-01
8.000000000000000444e-01,7.972797325262781509e-02
8.000000000000000444e-01,1.284385375790262351e-01
8.000000000000000444e-01,3.562552611536451419e-02
8.000000000000000444e-01,4.333784805752782798e-02
8.000000000000000444e-01,4.492817044679464633e-02
8.000000000000000444e-01,2.415597851944883967e-02
8.000000000000000444e-01,-3.014197472582014203e-02
8.000000000000000444e-01,-1.021737201218624325e-01
8.000000000000000444e-01,-3.834824259091518250e-02
8.000000000000000444e-01,-1.574820881348326651e-02
8.000000000000000444e-01,7.718666753134151293e-02
8.000000000000000444e-01,-3.588587875975435271e-02
8.000000000000000444e-01,8.471767021073783877e-02
8.000000000000000444e-01,-1.434532463327364837e-02
8.000000000000000444e-01,7.614273184361319835e-02
8.000000000000000444e-01,7.191096005908725886e-03
8.000000000000000444e-01,8.382155890828135725e-03
8.000000000000000444e-01,-9.753487053992448974e-01
8.000000000000000444e-01,-2.504424778761060733e-02
8.000000000000000444e-01,8.827160493827160836e-01
8.000000000000000444e-01,-2.443148203376865890e-02
8.000000000000000444e-01,-3.608228539974189797e-02
8.000000000000000444e-01,-8.736840290839653633e-02
8.000000000000000444e-01,-1.256477499144261767e-01
8.000000000000000444e-01,-7.384985991387715831e-02
8.000000000000000444e-01,-6.540782987075988153e-02
8.000000000000000444e-01,-4.744538916182416965e-02
8.000000000000000444e-01,8.483294231185323220e-03
8.000000000000000444e-01,-8.500788766018008147e-03
8.000000000000000444e-01,-5.352072340802316308e-02
8.000000000000000444e-01,-4.996583314560343325e-02
8.000000000000000444e-01,-1.648966939289508993e-03
8.000000000000000444e-01,-9.315841073271413642e-01
8.000000000000000444e-01,8.726987857422640049e-01
8.000000000000000444e-01,9.531768610715979362e-01
8.000000000000000444e-01,-8.846425263183875787e-01
8.000000000000000444e-01,1.914931125457441929e-02
8.000000000000000444e-01,2.406926406926401807e-02
8.000000000000000444e-01,7.297435091386061945e-02
8.000000000000000444e-01,1.308334237326440608e-01
8.000000000000000444e-01,-8.266948795533286543e-01
8.000000000000000444e-01,9.317129629629630205e-01
8.000000000000000444e-01,1.082223558199157942e-02
8.000000000000000444e-01,1.021428364803925737e-01
8.000000000000000444e-01,1.278859378877386099e-01
8.000000000000000444e-01,1.388414900621305348e-01
8.000000000000000444e-01,6.686601081992482598e-02
8.000000000000000444e-01,-8.366527261278683403e-01
8.000000000000000444e-01,8.245640484446459251e-02
8.000000000000000444e-01,9.407407407407407662e-01
8.000000000000000444e-01,-8.486509985950196899e-01
8.000000000000000444e-01,1.030598318320721241e-01
8.000000000000000444e-01,3.615866094912734141e-02
8.000000000000000444e-01,3.973063973063983845e-02
8.000000000000000444e-01,4.829104214184865018e-02
8.000000000000000444e-01,1.218071414879925429e-01
8.000000000000000444e-01,9.564383858437419672e-02
8.000000000000000444e-01,5.075472240102940624e-02
8.000000000000000444e-01,-3.881851397445679197e-03
8.000000000000000444e-01,1.174956495759651443e-01
8.000000000000000444e-01,1.238757281508225949e-01
8.000000000000000444e-01,1.168821428298923992e-01
8.000000000000000444e-01,-8.403271446500866215e-01
8.000000000000000444e-01,1.892962438335372699e-01
8.000000000000000444e-01,9.315068493150684414e-01
8.000000000000000444e-01,-8.316124228361102544e-01
8.000000000000000444e-01,1.536947099378066506e-01
8.000000000000000444e-01,7.337470647290411652e-02
8.000000000000000444e-01,-8.659492653711131638e-03
8.000000000000000444e-01,-4.143379367207566943e-02
8.000000000000000444e-01,-4.781796714205355237e-02
8.000000000000000444e-01,-1.399368338169395543e-01
8.000000000000000444e-01,2.909183545374705027e-02
8.000000000000000444e-01,2.178189432443355944e-02
8.000000000000000444e-01,8.424659586133842470e-02
8.000000000000000444e-01,2.915087454249143395e-02
8.000000000000000444e-01,2.972589301472483569e-02
8.000000000000000444e-01,-1.529107075424129825e-02
8.000000000000000444e-01,1.606802273048624219e-02
8.000000000000000444e-01,-1.251914644189444648e-02
8.000000000000000444e-01,3.540332906530097024e-02
8.000000000000000444e-01,6.671585448831596210e-02
8.000000000000000444e-01,-4.201503141901574701e-02
8.000000000000000444e-01,-5.191462316698680635e-02
8.000000000000000444e-01,-5.956100067083169858e-02
8.000000000000000444e-01,-3.542403905237323514e-02
8.000000000000000444e-01,-9.403854489504229752e-01
8.000000000000000444e-01,-6.322540378233754144e-02
8.000000000000000444e-01,0.000000000000000000e+00
8.000000000000000444e-01,-3.469909854357533519e-02
8.000000000000000444e-01,1.535824819027431509e-02
8.000000000000000444e-01,3.506356790023479331e-02
8.000000000000000444e-01,-8.585714285714285410e-01
8.000000000000000444e-01,9.191919191919192267e-01
8.000000000000000444e-01,9.263329837863999439e-01
8.000000000000000444e-01,9.331092351493530668e-02
8.000000000000000444e-01,2.260211002951473258e-02
8.000000000000000444e-01,1.126124661427104767e-01
8.000000000000000444e-01,3.500390626827409868e-02
8.000000000000000444e-01,-1.742824213805893585e-03
8.000000000000000444e-01,-9.130855932889927473e-01
8.000000000000000444e-01,6.433870507057914967e-02
8.000000000000000444e-01,1.533748023593792809e-01
8.000000000000000444e-01,6.793276076307441791e-02
8.000000000000000444e-01,8.124318429661947505e-02
8.000000000000000444e-01,1.159396815257561775e-01
8.000000000000000444e-01,-8.137894231240379028e-01
8.000000000000000444e-01,9.665427509293680330e-01
8.000000000000000444e-01,8.460095659661781564e-02
8.000000000000000444e-01,1.469219893459610127e-01
8.000000000000000444e-01,2.563691126414746613e-02
8.000000000000000444e-01,1.014922770011777997e-01
8.000000000000000444e-01,-7.717201767438366389e-01
8.000000000000000444e-01,1.057771593485880013e-01
8.000000000000000444e-01,1.405639976276147340e-01
8.000000000000000444e-01,1.251354750282108741e-01
8.000000000000000444e-01,1.209780421714413690e-01
8.000000000000000444e-01,6.675066354016290227e-02
8.000000000000000444e-01,-4.034716627529577604e-02
8.000000000000000444e-01,4.807497772468127817e-02
8.000000000000000444e-01,5.851239949741504631e-02
8.000000000000000444e-01,6.858336782479090843e-02
8.000000000000000444e-01,2.837989557413234110e-02
8.000000000000000444e-01,4.607801938923250518e-02
8.000000000000000444e-01,4.304687687320485345e-02
8.000000000000000444e-01,1.197736815236918329e-01
8.000000000000000444e-01,2.497540975674039654e-02
8.000000000000000444e-01,7.400961370724212784e-02
8.000000000000000444e-01,-7.963925675574567986e-02
8.000000000000000444e-01,-8.603504815879097212e-01
8.000000000000000444e-01,9.227566054786562333e-02
8.000000000000000444e-01,-6.664775413179335750e-03
8.000000000000000444e-01,-1.161967975797859598e-01
8.000000000000000444e-01,-6.816684784584181589e-02
8.000000000000000444e-01,-1.108576513459436086e-02
8.000000000000000444e-01,9.035358657569614316e-02
8.000000000000000444e-01,-6.209054670355707017e-03
8.000000000000000444e-01,4.691401493178704030e-04
8.000000000000000444e-01,3.416281948998023399e-02
8.000000000000000444e-01,8.730264918383729977e-01
8.000000000000000444e-01,4.029534400787349036e-02
8.000000000000000444e-01,-8.579823560204986599e-01
8.000000000000000444e-01,-2.160885682750046666e-02
8.000000000000000444e-01,6.322370387360909394e-02
8.000000000000000444e-01,-8.557426134879053681e-02
8.000000000000000444e-01,-7.612745098039215286e-01
8.000000000000000444e-01,1.195862960568849775e-02
8.000000000000000444e-01,7.790143084260736650e-03
8.000000000000000444e-01,9.212067122945043485e-01
8.000000000000000444e-01,4.201668759982801760e-02
8.000000000000000444e-01,2.535797535797534863e-02
8.000000000000000444e-01,-1.020372800182900441e-02
8.000000000000000444e-01,9.254055240459835296e-02
8.000000000000000444e-01,2.510761518733306552e-02
8.000000000000000444e-01,3.809459865927689037e-02
8.000000000000000444e-01,1.836859223912991057e-01
8.000000000000000444e-01,-7.277108299869827768e-03
8.000000000000000444e-01,-8.996897203835402257e-01
8.000000000000000444e-01,9.074074074074074403e-01
8.000000000000000444e-01,4.765486770728888377e-02
8.000000000000000444e-01,-8.205819502481676020e-01
8.000000000000000444e-01,-4.645684250151327355e-02
8.000000000000000444e-01,3.933163497449398971e-02
8.000000000000000444e-01,-1.148605336105336105e-01
8.000000000000000444e-01,8.475841306688658428e-02
8.000000000000000444e-01,-4.136190830389052664e-02
8.000000000000000444e-01,5.247885099175175760e-02
8.000000000000000444e-01,1.641939342491124387e-01
8.000000000000000444e-01,5.009954411679828912e-02
8.000000000000000444e-01,2.655237567019880229e-01
8.000000000000000444e-01,9.032120877135885184e-02
8.000000000000000444e-01,1.061137494819164306e-01
8.000000000000000444e-01,1.064501218821359840e-01
8.000000000000000444e-01,-8.491304290234961138e-01
8.000000000000000444e-01,9.392857142857142794e-01
8.000000000000000444e-01,-8.404958087978573467e-01
8.000000000000000444e-01,9.255275241190734636e-01
8.000000000000000444e-01,-8.410019150270305888e-01
8.000000000000000444e-01,-2.181893078342411751e-02
8.000000000000000444e-01,9.025839654596631290e-01
8.000000000000000444e-01,1.497224251935325157e-03
8.000000000000000444e-01,-9.503507062565530461e-03
8.000000000000000444e-01,-4.089479485895741728e-02
8.000000000000000444e-01,-2.966109767657354457e-02
8.000000000000000444e-01,-9.240411167214712673e-01
8.000000000000000444e-01,-3.126472898664567346e-02
8.000000000000000444e-01,9.138910982818697626e-01
8.000000000000000444e-01,-8.540308075712395031e-01
8.000000000000000444e-01,-3.514770539460698728e-03
8.000000000000000444e-01,3.418803418803406657e-03
8.000000000000000444e-01,-8.374966496347570066e-01
8.000000000000000444e-01,5.806421763671698599e-02
8.000000000000000444e-01,6.167471819645731212e-02
8.000000000000000444e-01,1.679792429792430486e-01
8.000000000000000444e-01,1.000000000000000000e+00
8.000000000000000444e-01,-9.445900955434853863e-01
8.000000000000000444e-01,9.510565476610356450e-01
8.000000000000000444e-01,6.415320058841145201e-02
8.000000000000000444e-01,5.656258319333351547e-02
8.000000000000000444e-01,1.270444853415768627e-01
8.000000000000000444e-01,1.541782006580245667e-01
8.000000000000000444e-01,1.427607566513960924e-01
8.000000000000000444e-01,9.720087061564730568e-02
8.000000000000000444e-01,1.330335231593842149e-01
8.000000000000000444e-01,-7.729953117728759482e-01
8.000000000000000444e-01,-8.386959992376297190e-01
8.000000000000000444e-01,1.275695821391835683e-01
8.000000000000000444e-01,7.914471891744623289e-02
8.000000000000000444e-01,-8.750000000000000000e-01
8.000000000000000444e-01,8.794871794871794712e-01
8.000000000000000444e-01,1.541820924173865626e-01
8.000000000000000444e-01,9.823778195488719334e-02
8.000000000000000444e-01,1.547095192410191666e-01
8.000000000000000444e-01,9.666295884315907472e-01
8.000000000000000444e-01,5.728033525531117665e-02
8.000000000000000444e-01,6.523314176670702569e-02
8.000000000000000444e-01,1.286813149860231986e-01
8.000000000000000444e-01,1.290521432967900450e-01
8.000000000000000444e-01,8.692884495276875789e-02
8.000000000000000444e-01,-8.792051662185319527e-01
8.000000000000000444e-01,-8.347973002863253722e-01
8.000000000000000444e-01,5.039536215532414154e-02
8.000000000000000444e-01,7.048772146997550614e-02
8.000000000000000444e-01,8.701871511254477554e-02
8.000000000000000444e-01,9.434964726631400733e-02
8.000000000000000444e-01,1.301166164193356956e-02
8.000000000000000444e-01,3.153207574417948855e-02
8.000000000000000444e-01,-4.385605841399353721e-04
8.000000000000000444e-01,4.465283315203461001e-03
8.000000000000000444e-01,5.462636642152751687e-02
8.000000000000000444e-01,4.370958280860581802e-02
8.000000000000000444e-01,4.114762879015843033e-02
8.000000000000000444e-01,1.949060827867188372e-02
8.000000000000000444e-01,8.584012789942718769e-02
8.000000000000000444e-01,1.227075373389390212e-01
8.000000000000000444e-01,-7.927061121232416019e-01
8.000000000000000444e-01,9.444444444444444198e-01
8.000000000000000444e-01,-8.849727354103228416e-01
8.000000000000000444e-01,1.196923991041642932e-02
8.000000000000000444e-01,9.313848076938920917e-01
8.000000000000000444e-01,3.465227114658220309e-02
8.000000000000000444e-01,-8.861341918406299145e-01
8.000000000000000444e-01,4.771226733007449816e-02
8.000000000000000444e-01,-1.272836349707229253e-02
8.000000000000000444e-01,3.124732303389399224e-02
8.000000000000000444e-01,1.994630966405159800e-01
8.000000000000000444e-01,9.163864984329683772e-02
8.000000000000000444e-01,6.312482298146815385e-02
8.000000000000000444e-01,3.084262454329467218e-02
8.000000000000000444e-01,6.018539117538002081e-02
8.000000000000000444e-01,-8.189732686061763633e-01
8.000000000000000444e-01,8.119451771957353348e-02
8.000000000000000444e-01,-8.529411764705882026e-01
8.000000000000000444e-01,9.473684210526315264e-01
8.000000000000000444e-01,1.759121645172534443e-01
8.000000000000000444e-01,7.536231884057964514e-02
8.000000000000000444e-01,9.677419354838709964e-01
8.000000000000000444e-01,-8.340426059048741125e-01
8.000000000000000444e-01,4.098919929005495622e-02
8.000000000000000444e-01,8.491914070403461245e-02
8.000000000000000444e-01,-8.399654072231970137e-01
8.000000000000000444e-01,9.812925170068028669e-01
8.000000000000000444e-01,1.446546587420427521e-02
8.000000000000000444e-01,1.788506678600659816e-01
8.000000000000000444e-01,1.038980696616533805e-01
8.000000000000000444e-01,1.480239832886346418e-01
8.000000000000000444e-01,-8.047955797526852306e-01
8.000000000000000444e-01,5.519038561945255328e-02
8.000000000000000444e-01,1.227162481672134930e-01
8.000000000000000444e-01,-8.452492327492326929e-01
8.000000000000000444e-01,0.000000000000000000e+00
8.000000000000000444e-01,1.526855083886949904e-01
8.000000000000000444e-01,1.637910719843492791e-01
8.000000000000000444e-01,-8.515625000000000000e-01
8.000000000000000444e-01,8.496443812233286375e-01
8.000000000000000444e-01,1.000000000000000000e+00
8.000000000000000444e-01,1.531903148770759060e-01
8.000000000000000444e-01,1.493244131759824400e-01
8.000000000000000444e-01,1.562269817827456331e-01
8.000000000000000444e-01,-7.951337689240044471e-01
8.000000000000000444e-01,1.541801701762836041e-01
8.000000000000000444e-01,1.720969091492584591e-01
8.000000000000000444e-01,9.233365357807810092e-02
8.000000000000000444e-01,-7.874230487839649628e-01
8.000000000000000444e-01,-8.496588413914915039e-01
8.000000000000000444e-01,9.767441860465115866e-01
8.000000000000000444e-01,1.209280040159230740e-01
8.000000000000000444e-01,5.104942400594592034e-02
8.000000000000000444e-01,1.108228269051642068e-01
8.000000000000000444e-01,9.058623152094524844e-02
8.000000000000000444e-01,8.507216171179987629e-02
8.000000000000000444e-01,9.490612388166164148e-02
8.000000000000000444e-01,7.937407210071012464e-02
8.000000000000000444e-01,9.668085263768666504e-02
8.000000000000000444e-01,5.698578353982897138e-02
8.000000000000000444e-01,-7.733927586365939577e-01
8.000000000000000444e-01,9.135164802232320636e-02
8.000000000000000444e-01,1.239443096704040403e-01
8.000000000000000444e-01,5.475373886834389303e-02
8.000000000000000444e-01,3.773726804062904616e-02
8.000000000000000444e-01,-8.089926564130690556e-01
8.000000000000000444e-01,9.598904306565592126e-02
8.000000000000000444e-01,9.316035186004225643e-01
8.000000000000000444e-01,6.366845290609690622e-02
8.000000000000000444e-01,-9.438048942582488721e-03
8.000000000000000444e-01,-4.942473065012598088e-02
8.000000000000000444e-01,-4.064115724925054796e-02
8.000000000000000444e-01,9.728166645066083085e-02
8.000000000000000444e-01,-6.006573941558235319e-02
8.000000000000000444e-01,-2.161869732465859784e-02
8.000000000000000444e-01,4.750065228025945885e-02
8.000000000000000444e-01,8.986555945346474950e-03
8.000000000000000444e-01,6.053212005101027415e-02
8.000000000000000444e-01,-8.541808797993721836e-01
8.000000000000000444e-01,-5.705702023298597769e-02
8.000000000000000444e-01,7.482120726781626985e-02
8.000000000000000444e-01,3.772046714817989255e-02
8.000000000000000444e-01,9.072730426738151444e-02
8.000000000000000444e-01,7.095017834970340775e-02
8.000000000000000444e-01,3.542338664270350268e-02
8.000000000000000444e-01,7.967999281208171247e-03
8.000000000000000444e-01,-2.222357512957306991e-02
8.000000000000000444e-01,-8.140288515044580286e-02
8.000000000000000444e-01,5.947882021208883430e-03
8.000000000000000444e-01,2.019431463467635801e-02
8.000000000000000444e-01,2.228765962117795763e-02
8.000000000000000444e-01,3.846928519278813852e-04
8.000000000000000444e-01,5.199744334499567522e-02
8.000000000000000444e-01,-8.358884548853039442e-01
8.000000000000000444e-01,5.669834893679415178e-02
8.000000000000000444e-01,9.340071211686129526e-02
8.000000000000000444e-01,7.907485772654310185e-02
8.000000000000000444e-01,1.275178873512059496e-01
8.000000000000000444e-01,1.024531024531024626e-01
8.000000000000000444e-01,9.523809523809523281e-01
8.000000000000000444e-01,3.697390213764439881e-02
8.000000000000000444e-01,8.979967091731788642e-02
8.000000000000000444e-01,-3.401985435226428933e-02
8.000000000000000444e-01,4.977948127832809710e-03
8.000000000000000444e-01,4.989745099550757512e-02
8.000000000000000444e-01,-4.857905100590054204e-02
8.000000000000000444e-01,7.190711853808195997e-02
8.000000000000000444e-01,-2.983670372162061657e-02
8.000000000000000444e-01,-8.357667103709481848e-01
8.000000000000000444e-01,-8.402857640851960630e-01
8.000000000000000444e-01,6.106238000225883145e-02
8.000000000000000444e-01,9.302325581395348708e-01
8.000000000000000444e-01,-8.293621700879765246e-01
8.000000000000000444e-01,1.543831168831167888e-01
8.000000000000000444e-01,4.384672070744288774e-02
8.000000000000000444e-01,-8.800000000000000044e-01
8.000000000000000444e-01,9.125824706791519914e-01
8.000000000000000444e-01,-8.027777777777778123e-01
8.000000000000000444e-01,9.705882352941176405e-01
8.000000000000000444e-01,9.890685834082061367e-01
8.000000000000000444e-01,1.400649414742509702e-01
8.000000000000000444e-01,1.744970122830334924e-01
8.000000000000000444e-01,1.698187410246341233e-01
8.000000000000000444e-01,1.116961320896346921e-01
8.000000000000000444e-01,1.051516210233229831e-01
8.000000000000000444e-01,-8.089969265455655423e-01
8.000000000000000444e-01,-8.042133019631321211e-01
8.000000000000000444e-01,-8.516746411483253620e-01
8.000000000000000444e-01,8.352003446790177144e-01
8.000000000000000444e-01,1.290363724325988004e-01
8.000000000000000444e-01,1.117125520118160686e-01
8.000000000000000444e-01,1.699359635892142562e-01
8.000000000000000444e-01,1.094061612048130572e-01
8.000000000000000444e-01,4.454125408532705332e-02
8.000000000000000444e-01,2.787016273841980141e-02
8.000000000000000444e-01,6.616218214310332080e-02
8.000000000000000444e-01,1.328858140392814580e-01
8.000000000000000444e-01,-8.851099346053139527e-01
8.000000000000000444e-01,1.127266132067054061e-01
8.000000000000000444e-01,8.026802251417941569e-02
8.000000000000000444e-01,9.533700841100249956e-01
8.000000000000000444e-01,9.418265361664779345e-02
8.000000000000000444e-01,-8.211859791560364163e-01
8.000000000000000444e-01,9.613920355992178202e-02
8.000000000000000444e-01,-8.277103331451157731e-01
8.000000000000000444e-01,9.468478889531521947e-01
8.000000000000000444e-01,4.936011800134265659e-02
8.000000000000000444e-01,-7.799417236844338186e-01
8.000000000000000444e-01,9.404761904761904656e-01
8.000000000000000444e-01,2.088330597170751091e-02
8.000000000000000444e-01,1.558326298725210002e-03
8.000000000000000444e-01,6.462864884037677893e-02
8.000000000000000444e-01,9.208147588422810337e-02
8.000000000000000444e-01,8.355820318216033993e-02
8.000000000000000444e-01,1.284940173448002598e-01
8.000000000000000444e-01,1.291190825497858796e-01
8.000000000000000444e-01,2.928745738059379544e-02
8.000000000000000444e-01,-8.332232493350338887e-01
8.000000000000000444e-01,4.299300511799974966e-02
8.000000000000000444e-01,2.988211609082258580e-02
8.000000000000000444e-01,-4.289053956573141146e-02
8.000000000000000444e-01,-2.455574031231921861e-02
8.000000000000000444e-01,9.745910022060311206e-02
8.000000000000000444e-01,-9.036506938696038382e-01
8.000000000000000444e-01,-1.494280405307319981e-01
8.000000000000000444e-01,8.758961740724657830e-01
8.000000000000000444e-01,-1.419383305647841098e-01
8.000000000000000444e-01,-9.267031220103905120e-02
8.000000000000000444e-01,3.353200458089866665e-02
8.000000000000000444e-01,-1.258534414679113311e-02
8.000000000000000444e-01,4.998910669911771354e-02
8.000000000000000444e-01,9.099594672843080989e-01
8.000000000000000444e-01,3.162261708762037493e-02
8.000000000000000444e-01,-9.016828429358775265e-01
8.000000000000000444e-01,5.800993791203679084e-02
8.000000000000000444e-01,5.393422018747484614e-02
8.000000000000000444e-01,1.037036103267446885e-01
8.000000000000000444e-01,1.687916997597760371e-02
8.000000000000000444e-01,1.982014633101203405e-02
8.000000000000000444e-01,-8.905510725311513998e-01
8.000000000000000444e-01,8.750000000000000000e-01
8.000000000000000444e-01,-3.933219350809735726e-02
8.000000000000000444e-01,-1.065721129380292620e-02
8.000000000000000444e-01,-3.984718951330201708e-02
8.000000000000000444e-01,4.289263165539203282e-02
8.000000000000000444e-01,4.977399733678411486e-02
8.000000000000000444e-01,6.392111422705415436e-02
8.000000000000000444e-01,6.420542629817060920e-02
8.000000000000000444e-01,5.081740092567954559e-02
8.000000000000000444e-01,-8.822675053951818391e-01
8.000000000000000444e-01,2.110380309097104057e-02
8.000000000000000444e-01,8.932277861053106172e-03
8.000000000000000444e-01,9.574757352582549119e-01
8.000000000000000444e-01,-9.829545454545454142e-01
8.000000000000000444e-01,8.214247909389227331e-02
8.000000000000000444e-01,0.000000000000000000e+00
8.000000000000000444e-01,6.730360392537038106e-02
8.000000000000000444e-01,-8.041237113402062153e-01
8.000000000000000444e-01,8.383029659625403918e-01
8.000000000000000444e-01,1.340537760193958317e-01
8.000000000000000444e-01,1.451248393171599149e-01
8.000000000000000444e-01,1.493182703544994050e-01
8.000000000000000444e-01,1.463270002925658453e-01
8.000000000000000444e-01,1.713341079308356996e-01
8.000000000000000444e-01,-8.775510204081632404e-01
8.000000000000000444e-01,1.403307679711806033e-01
8.000000000000000444e-01,-8.510638297872340496e-01
8.000000000000000444e-01,0.000000000000000000e+00
8.000000000000000444e-01,1.000000000000000000e+00
8.000000000000000444e-01,0.000000000000000000e+00
8.000000000000000444e-01,-8.245614035087719396e-01
8.000000000000000444e-01,7.283236994219652871e-01
8.000000000000000444e-01,1.043478260869565188e+00
8.000000000000000444e-01,0.000000000000000000e+00
8.000000000000000444e-01,0.000000000000000000e+00
1.000000000000000056e-01,1.000000000000000000e+00
1.000000000000000056e-01,1.000000000000000000e+00
1.000000000000000056e-01,1.000000000000000000e+00
1.000000000000000056e-01,1.000000000000000000e+00
1.000000000000000056e-01,1.000000000000000000e+00
1.000000000000000056e-01,1.000000000000000000e+00
1.000000000000000056e-01,1.000000000000000000e+00
1.000000000000000056e-01,1.000000000000000000e+00
1.000000000000000056e-01,1.000000000000000000e+00
1.000000000000000056e-01,1.000000000000000000e+00
1.000000000000000056e-01,1.000000000000000000e+00
1.000000000000000056e-01,1.000000000000000000e+00
1.000000000000000056e-01,1.000000000000000000e+00
1.000000000000000056e-01,1.000000000000000000e+00
1.000000000000000056e-01,1.000000000000000000e+00
1.000000000000000056e-01,1.000000000000000000e+00
1.000000000000000056e-01,1.000000000000000000e+00
1.000000000000000056e-01,1.000000000000000000e+00
1.000000000000000056e-01,1.000000000000000000e+00
1.000000000000000056e-01,1.000000000000000000e+00
1.000000000000000056e-01,1.000000000000000000e+00
1.000000000000000056e-01,1.000000000000000000e+00
1.000000000000000056e-01,1.000000000000000000e+00
1.000000000000000056e-01,1.000000000000000000e+00
1.000000000000000056e-01,1.000000000000000000e+00
1.000000000000000056e-01,1.000000000000000000e+00
1.000000000000000056e-01,1.000000000000000000e+00
1.000000000000000056e-01,1.000000000000000000e+00
1.000000000000000056e-01,1.000000000000000000e+00
1.000000000000000056e-01,1.000000000000000000e+00
1.000000000000000056e-01,1.000000000000000000e+00
1.000000000000000056e-01,1.000000000000000000e+00
1.000000000000000056e-01,1.000000000000000000e+00
1.000000000000000056e-01,1.000000000000000000e+00
1.000000000000000056e-01,1.000000000000000000e+00
1.000000000000000056e-01,1.000000000000000000e+00
1.000000000000000056e-01,1.000000000000000000e+00
1.000000000000000056e-01,1.000000000000000000e+00
1.000000000000000056e-01,1.000000000000000000e+00
1.000000000000000056e-01,1.000000000000000000e+00
1.000000000000000056e-01,1.000000000000000000e+00
1.000000000000000056e-01,1.000000000000000000e+00
1.000000000000000056e-01,1.000000000000000000e+00
1.000000000000000056e-01,1.000000000000000000e+00
1.000000000000000056e-01,1.000000000000000000e+00
1.000000000000000056e-01,1.000000000000000000e+00
1.000000000000000056e-01,1.000000000000000000e+00
1.000000000000000056e-01,1.000000000000000000e+00
1.000000000000000056e-01,1.000000000000000000e+00
1.000000000000000056e-01,1.000000000000000000e+00
1.000000000000000056e-01,1.000000000000000000e+00
1.000000000000000056e-01,1.000000000000000000e+00
1.000000000000000056e-01,1.000000000000000000e+00
1.000000000000000056e-01,1.000000000000000000e+00
1.000000000000000056e-01,1.000000000000000000e+00
1.000000000000000056e-01,1.000000000000000000e+00
1.000000000000000056e-01,1.000000000000000000e+00
1.000000000000000056e-01,1.000000000000000000e+00
1.000000000000000056e-01,1.000000000000000000e+00
1.000000000000000056e-01,1.000000000000000000e+00
1.000000000000000056e-01,1.000000000000000000e+00
1.000000000000000056e-01,1.000000000000000000e+00
1.000000000000000056e-01,1.000000000000000000e+00
1.000000000000000056e-01,-1.000000000000000000e+00
1.000000000000000056e-01,-1.000000000000000000e+00
4.400000000000000022e-01,1.000000000000000000e+00
1.000000000000000056e-01,-1.000000000000000000e+00
4.400000000000000022e-01,1.000000000000000000e+00
1.000000000000000056e-01,-1.000000000000000000e+00
4.400000000000000022e-01,1.000000000000000000e+00
8.000000000000000444e-01,5.436241610738254959e-01
4.400000000000000022e-01,0.000000000000000000e+00
4.400000000000000022e-01,0.000000000000000000e+00
3.499999999999999778e-01,1.000000000000000000e+00
4.400000000000000022e-01,0.000000000000000000e+00
4.400000000000000022e-01,0.000000000000000000e+00
8.000000000000000444e-01,8.765432098765432167e-01
8.000000000000000444e-01,0.000000000000000000e+00
8.000000000000000444e-01,7.996632996632996315e-01
8.000000000000000444e-01,-2.071991670385244788e-01
8.000000000000000444e-01,-1.101123595505618002e+00
8.000000000000000444e-01,9.882352941176471006e-01
8.000000000000000444e-01,0.000000000000000000e+00
8.000000000000000444e-01,0.000000000000000000e+00
8.000000000000000444e-01,0.000000000000000000e+00
8.000000000000000444e-01,9.431818181818181213e-01
8.000000000000000444e-01,1.064064064064063952e+00
8.000000000000000444e-01,-7.779714691049139930e-01
8.000000000000000444e-01,1.064935064935064846e+00
8.000000000000000444e-01,2.602125511914803457e-01
8.000000000000000444e-01,-8.271709815738296223e-01
8.000000000000000444e-01,-8.377671194977743818e-01
8.000000000000000444e-01,0.000000000000000000e+00
8.000000000000000444e-01,0.000000000000000000e+00
8.000000000000000444e-01,0.000000000000000000e+00
8.000000000000000444e-01,7.910447761194029370e-01
8.000000000000000444e-01,3.085505026540709128e-01
8.000000000000000444e-01,-8.500501697313131988e-01
8.000000000000000444e-01,1.163418574093959990e+00
8.000000000000000444e-01,-8.090903644379708881e-01
8.000000000000000444e-01,3.223833653678143119e-02
8.000000000000000444e-01,3.980956072351420350e-01
8.000000000000000444e-01,-7.937409437409437274e-01
8.000000000000000444e-01,0.000000000000000000e+00
8.000000000000000444e-01,1.216216216216216228e+00
8.000000000000000444e-01,-7.903929733357141219e-01
8.000000000000000444e-01,-8.000000000000000444e-01
8.000000000000000444e-01,1.244680851063829863e+00
8.000000000000000444e-01,-9.000000000000000222e-01
8.000000000000000444e-01,1.253521126760563487e+00
8.000000000000000444e-01,-8.548135277379063091e-01
8.000000000000000444e-01,-8.014705882352941568e-01
8.000000000000000444e-01,1.300602409638554224e+00
8.000000000000000444e-01,1.266161616161616266e+00
8.000000000000000444e-01,-8.817135986286117610e-01
8.000000000000000444e-01,-7.587798987959230024e-01
8.000000000000000444e-01,1.225806451612903247e+00
8.000000000000000444e-01,4.365806549660843361e-01
8.000000000000000444e-01,-7.837024177899345467e-01
8.000000000000000444e-01,4.373030496747262186e-01
8.000000000000000444e-01,-8.195360813719579918e-01
8.000000000000000444e-01,-7.867924528301887266e-01
8.000000000000000444e-01,7.975460122699385979e-01
8.000000000000000444e-01,4.235142118863050031e-01
8.000000000000000444e-01,3.880378163323899843e-01
8.000000000000000444e-01,-8.411919507297324072e-01
8.000000000000000444e-01,1.197134726719654596e+00
8.000000000000000444e-01,-7.561275305702005456e-01
8.000000000000000444e-01,3.842690618507611511e-01
8.000000000000000444e-01,2.483689031511832068e-01
8.000000000000000444e-01,-8.357335947281051558e-01
8.000000000000000444e-01,3.288034010857242562e-01
8.000000000000000444e-01,-7.698092000105359878e-01
8.000000000000000444e-01,-7.604990674641456394e-01
8.000000000000000444e-01,1.172881355932203329e+00
8.000000000000000444e-01,-8.202418172834476939e-01
8.000000000000000444e-01,0.000000000000000000e+00
8.000000000000000444e-01,7.777777777777777901e-01
8.000000000000000444e-01,2.901486291486292668e-01
8.000000000000000444e-01,3.397046706236658276e-01
8.000000000000000444e-01,-8.491584071315465554e-01
8.000000000000000444e-01,1.139534883720930258e+00
8.000000000000000444e-01,-7.985064348720315452e-01
8.000000000000000444e-01,1.900420504471519445e-01
8.000000000000000444e-01,2.653556955992858457e-01
8.000000000000000444e-01,-7.945800645994465228e-01
8.000000000000000444e-01,-7.724005140655928470e-01
8.000000000000000444e-01,1.090909090909090828e+00
8.000000000000000444e-01,-8.113781797517410910e-01
8.000000000000000444e-01,0.000000000000000000e+00
8.000000000000000444e-01,0.000000000000000000e+00
8.000000000000000444e-01,0.000000000000000000e+00
8.000000000000000444e-01,3.497372193024367304e-01
8.000000000000000444e-01,-8.486842105263158187e-01
8.000000000000000444e-01,1.208333333333333259e+00
8.000000000000000444e-01,-7.697447900936273957e-01
8.000000000000000444e-01,0.000000000000000000e+00
8.000000000000000444e-01,1.216216216216216228e+00
8.000000000000000444e-01,-8.352978957904885204e-01
8.000000000000000444e-01,0.000000000000000000e+00
8.000000000000000444e-01,0.000000000000000000e+00
8.000000000000000444e-01,1.307692307692307709e+00
8.000000000000000444e-01,-8.220059293097083941e-01
8.000000000000000444e-01,0.000000000000000000e+00
8.000000000000000444e-01,1.254054054054054124e+00
8.000000000000000444e-01,-7.948443044983423134e-01
8.000000000000000444e-01,-7.564867669953294627e-01
8.000000000000000444e-01,0.000000000000000000e+00
8.000000000000000444e-01,-8.055555555555555802e-01
8.000000000000000444e-01,0.000000000000000000e+00
8.000000000000000444e-01,0.000000000000000000e+00
8.000000000000000444e-01,1.370370370370370461e+00
8.000000000000000444e-01,0.000000000000000000e+00
8.000000000000000444e-01,-8.303357314148680501e-01
8.000000000000000444e-01,1.286821705426356655e+00
8.000000000000000444e-01,4.632692131009535919e-01
8.000000000000000444e-01,4.028108496532524230e-01
8.000000000000000444e-01,-8.731717769578967170e-01
8.000000000000000444e-01,3.449204300727338746e-01
8.000000000000000444e-01,-7.777431852696028436e-01
8.000000000000000444e-01,1.134615384615384581e+00
8.000000000000000444e-01,-8.259164833039150944e-01
8.000000000000000444e-01,-8.426314303806159423e-01
8.000000000000000444e-01,3.901831604522942865e-01
8.000000000000000444e-01,-8.269435094405708231e-01
8.000000000000000444e-01,0.000000000000000000e+00
8.000000000000000444e-01,0.000000000000000000e+00
8.000000000000000444e-01,0.000000000000000000e+00
8.000000000000000444e-01,0.000000000000000000e+00
8.000000000000000444e-01,0.000000000000000000e+00
8.000000000000000444e-01,1.284403669724770714e+00
8.000000000000000444e-01,5.045160632706927606e-01
8.000000000000000444e-01,-7.131425858317660404e-01
8.000000000000000444e-01,-7.634128166915051805e-01
8.000000000000000444e-01,1.218129571577847514e+00
8.000000000000000444e-01,-7.854111424422811627e-01
8.000000000000000444e-01,1.290069138906348112e+00
8.000000000000000444e-01,-7.763894645364817215e-01
8.000000000000000444e-01,-8.019825918762089056e-01
8.000000000000000444e-01,8.229166666666666297e-01
8.000000000000000444e-01,-7.743998232577822272e-01
8.000000000000000444e-01,0.000000000000000000e+00
8.000000000000000444e-01,8.246753246753246724e-01
8.000000000000000444e-01,4.565120037383905149e-01
8.000000000000000444e-01,-7.987887045665189589e-01
8.000000000000000444e-01,-8.492416891284816360e-01
8.000000000000000444e-01,1.253333333333333410e+00
8.000000000000000444e-01,4.408701928033817996e-01
8.000000000000000444e-01,4.337914119571322225e-01
8.000000000000000444e-01,-9.024226005042518262e-01
8.000000000000000444e-01,-7.871493718809154938e-01
8.000000000000000444e-01,1.243243243243243201e+00
8.000000000000000444e-01,-7.682410104027517228e-01
8.000000000000000444e-01,1.211764705882352855e+00
8.000000000000000444e-01,-7.587978554302068357e-01
8.000000000000000444e-01,-8.119297798959584922e-01
8.000000000000000444e-01,1.246753246753246724e+00
8.000000000000000444e-01,-7.852432029799538693e-01
8.000000000000000444e-01,-8.057659932659932966e-01
8.000000000000000444e-01,1.210526315789473673e+00
8.000000000000000444e-01,3.039918406729055222e-01
8.000000000000000444e-01,-8.794024484607314562e-01
8.000000000000000444e-01,9.772632457238215054e-01
8.000000000000000444e-01,-7.856695919830217756e-01
8.000000000000000444e-01,3.392461197339244894e-01
8.000000000000000444e-01,3.379032258064514904e-01
8.000000000000000444e-01,-9.173041903213140502e-01
8.000000000000000444e-01,1.111111111111111160e+00
8.000000000000000444e-01,-8.008167093191032038e-01
8.000000000000000444e-01,-8.002906976744186274e-01
8.000000000000000444e-01,0.000000000000000000e+00
8.000000000000000444e-01,0.000000000000000000e+00
8.000000000000000444e-01,0.000000000000000000e+00
8.000000000000000444e-01,0.000000000000000000e+00
8.000000000000000444e-01,0.000000000000000000e+00
8.000000000000000444e-01,0.000000000000000000e+00
8.000000000000000444e-01,0.000000000000000000e+00
8.000000000000000444e-01,1.258064516129032251e+00
8.000000000000000444e-01,3.898113207547169168e-01
8.000000000000000444e-01,4.114897891510782557e-01
8.000000000000000444e-01,4.702845093962231271e-01
8.000000000000000444e-01,-7.671516130338303929e-01
8.000000000000000444e-01,-8.550065561004419612e-01
8.000000000000000444e-01,-7.824925326254300595e-01
8.000000000000000444e-01,0.000000000000000000e+00
8.000000000000000444e-01,0.000000000000000000e+00
8.000000000000000444e-01,1.242782678428227872e+00
8.000000000000000444e-01,-8.083859490514588853e-01
8.000000000000000444e-01,1.214285714285714191e+00
8.000000000000000444e-01,-7.352112421020187139e-01
8.000000000000000444e-01,-8.362035680894989165e-01
8.000000000000000444e-01,0.000000000000000000e+00
8.000000000000000444e-01,1.248120300751879741e+00
8.000000000000000444e-01,4.184667976605754847e-01
8.000000000000000444e-01,3.822357804303092577e-01
8.000000000000000444e-01,-8.222388616158931018e-01
8.000000000000000444e-01,-7.748892028990995717e-01
8.000000000000000444e-01,4.090150311104530090e-01
8.000000000000000444e-01,2.458110516934046696e-01
8.000000000000000444e-01,-8.030088115194499165e-01
8.000000000000000444e-01,9.767693789118921943e-01
8.000000000000000444e-01,-8.127132439426016930e-01
8.000000000000000444e-01,3.520938023450586041e-01
8.000000000000000444e-01,-8.468868868868869582e-01
8.000000000000000444e-01,0.000000000000000000e+00
8.000000000000000444e-01,0.000000000000000000e+00
8.000000000000000444e-01,1.248432601880877790e+00
8.000000000000000444e-01,-8.434977278802459066e-01
8.000000000000000444e-01,-8.269230769230768718e-01
8.000000000000000444e-01,1.290000000000000036e+00
8.000000000000000444e-01,1.247999999999999998e+00
8.000000000000000444e-01,-7.479749990764091860e-01
8.000000000000000444e-01,4.428341384863124786e-01
8.000000000000000444e-01,4.806614365846985093e-01
8.000000000000000444e-01,-7.097347115380315818e-01
8.000000000000000444e-01,-8.145673279099781006e-01
8.000000000000000444e-01,-8.275862068965517127e-01
8.000000000000000444e-01,1.292682926829268331e+00
8.000000000000000444e-01,1.238805970149253755e+00
8.000000000000000444e-01,-7.939123411165655009e-01
8.000000000000000444e-01,3.708286169098150564e-01
8.000000000000000444e-01,-8.308034109712224557e-01
8.000000000000000444e-01,-7.765957446808510189e-01
8.000000000000000444e-01,-8.812169312169312319e-01
8.000000000000000444e-01,1.194993894993894967e+00
8.000000000000000444e-01,-8.510638297872340496e-01
8.000000000000000444e-01,1.250000000000000000e+00
8.000000000000000444e-01,4.269904887240534297e-01
8.000000000000000444e-01,3.714872548090590865e-01
8.000000000000000444e-01,-8.009164836188327197e-01
8.000000000000000444e-01,-7.500000000000000000e-01
8.000000000000000444e-01,1.250000000000000000e+00
8.000000000000000444e-01,4.115160076590387295e-01
8.000000000000000444e-01,4.000418779142510539e-01
8.000000000000000444e-01,-7.350285379364400740e-01
8.000000000000000444e-01,-8.254023516942375904e-01
8.000000000000000444e-01,2.616199589883799748e-01
8.000000000000000444e-01,-8.881615510925856549e-01
8.000000000000000444e-01,0.000000000000000000e+00
8.000000000000000444e-01,1.354838709677419262e+00
8.000000000000000444e-01,-8.026315789473684736e-01
8.000000000000000444e-01,4.364383858054744492e-01
8.000000000000000444e-01,4.070175438596490558e-01
8.000000000000000444e-01,1.134387351778656239e+00
8.000000000000000444e-01,-8.446531634729974591e-01
8.000000000000000444e-01,3.831508099450270377e-01
8.000000000000000444e-01,-7.189756576853351122e-01
8.000000000000000444e-01,-8.263703248318632344e-01
8.000000000000000444e-01,0.000000000000000000e+00
8.000000000000000444e-01,9.901149425287356642e-01
8.000000000000000444e-01,-7.579988676783714352e-01
8.000000000000000444e-01,-8.076923076923077094e-01
8.000000000000000444e-01,0.000000000000000000e+00
8.000000000000000444e-01,1.183333333333333348e+00
8.000000000000000444e-01,-7.722772277227722970e-01
8.000000000000000444e-01,-8.019801980198020264e-01
8.000000000000000444e-01,1.260273972602739656e+00
8.000000000000000444e-01,0.000000000000000000e+00
8.000000000000000444e-01,1.250000000000000000e+00
8.000000000000000444e-01,-7.390961858761617709e-01
8.000000000000000444e-01,4.053818498747140397e-01
8.000000000000000444e-01,-7.754856633511604258e-01
8.000000000000000444e-01,-7.307692307692307265e-01
8.000000000000000444e-01,0.000000000000000000e+00
8.000000000000000444e-01,8.405797101449274944e-01
8.000000000000000444e-01,1.336925287356321768e+00
8.000000000000000444e-01,-7.812685003177651799e-01
8.000000000000000444e-01,4.216938744644862513e-01
8.000000000000000444e-01,-8.221952465276523014e-01
8.000000000000000444e-01,0.000000000000000000e+00
8.000000000000000444e-01,-8.511651947234769588e-01
8.000000000000000444e-01,0.000000000000000000e+00
8.000000000000000444e-01,0.000000000000000000e+00
8.000000000000000444e-01,1.292524790236460719e+00
8.000000000000000444e-01,4.466562809276262147e-01
8.000000000000000444e-01,-7.825680775729232375e-01
8.000000000000000444e-01,1.196691176470588314e+00
8.000000000000000444e-01,-7.181685667384554161e-01
8.000000000000000444e-01,-7.482606340874057294e-01
8.000000000000000444e-01,1.218181818181818254e+00
8.000000000000000444e-01,-7.596165897401362388e-01
8.000000000000000444e-01,-7.500000000000000000e-01
8.000000000000000444e-01,0.000000000000000000e+00
8.000000000000000444e-01,0.000000000000000000e+00
8.000000000000000444e-01,0.000000000000000000e+00
8.000000000000000444e-01,0.000000000000000000e+00
8.000000000000000444e-01,1.300000000000000044e+00
8.000000000000000444e-01,4.225175587391690746e-01
8.000000000000000444e-01,4.663897312025604425e-01
8.000000000000000444e-01,-7.206027026244951061e-01
8.000000000000000444e-01,-7.913778216233711138e-01
8.000000000000000444e-01,7.428571428571428825e-01
8.000000000000000444e-01,-8.191734024823074112e-01
8.000000000000000444e-01,1.246376811594202882e+00
8.000000000000000444e-01,-7.863654583588346458e-01
8.000000000000000444e-01,-7.852178164066581090e-01
8.000000000000000444e-01,4.613526570048308573e-01
8.000000000000000444e-01,4.142857142857141461e-01
8.000000000000000444e-01,2.902276105536975015e-01
8.000000000000000444e-01,-8.092787347342440540e-01
8.000000000000000444e-01,1.205812247891455691e+00
8.000000000000000444e-01,-8.891964290839140528e-01
8.000000000000000444e-01,-8.361441798941798842e-01
8.000000000000000444e-01,-8.827586206896551602e-01
8.000000000000000444e-01,1.182926829268292623e+00
8.000000000000000444e-01,0.000000000000000000e+00
8.000000000000000444e-01,0.000000000000000000e+00
8.000000000000000444e-01,0.000000000000000000e+00
8.000000000000000444e-01,0.000000000000000000e+00
8.000000000000000444e-01,1.253456221198156584e+00
