1.000000000000000056e-01,-1.000000000000000000e+00
1.000000000000000056e-01,-1.000000000000000000e+00
1.000000000000000056e-01,-1.000000000000000000e+00
1.000000000000000056e-01,-1.000000000000000000e+00
1.000000000000000056e-01,-1.000000000000000000e+00
1.000000000000000056e-01,-1.000000000000000000e+00
1.000000000000000056e-01,-1.000000000000000000e+00
1.000000000000000056e-01,1.000000000000000000e+00
1.000000000000000056e-01,-1.000000000000000000e+00
1.000000000000000056e-01,1.000000000000000000e+00
1.000000000000000056e-01,-1.000000000000000000e+00
1.000000000000000056e-01,1.000000000000000000e+00
1.000000000000000056e-01,-1.000000000000000000e+00
1.000000000000000056e-01,1.000000000000000000e+00
1.000000000000000056e-01,1.000000000000000000e+00
1.000000000000000056e-01,-1.000000000000000000e+00
1.000000000000000056e-01,1.000000000000000000e+00
1.000000000000000056e-01,-1.000000000000000000e+00
1.000000000000000056e-01,1.000000000000000000e+00
1.000000000000000056e-01,-1.000000000000000000e+00
1.000000000000000056e-01,1.000000000000000000e+00
1.000000000000000056e-01,-1.000000000000000000e+00
1.000000000000000056e-01,1.000000000000000000e+00
1.000000000000000056e-01,-1.000000000000000000e+00
1.000000000000000056e-01,1.000000000000000000e+00
1.000000000000000056e-01,-1.000000000000000000e+00
1.000000000000000056e-01,1.000000000000000000e+00
1.000000000000000056e-01,-1.000000000000000000e+00
1.000000000000000056e-01,1.000000000000000000e+00
1.000000000000000056e-01,-1.000000000000000000e+00
1.000000000000000056e-01,1.000000000000000000e+00
1.000000000000000056e-01,-1.000000000000000000e+00
1.000000000000000056e-01,1.000000000000000000e+00
1.000000000000000056e-01,-1.000000000000000000e+00
1.000000000000000056e-01,1.000000000000000000e+00
1.000000000000000056e-01,-1.000000000000000000e+00
1.000000000000000056e-01,1.000000000000000000e+00
1.000000000000000056e-01,-1.000000000000000000e+00
1.000000000000000056e-01,-1.000000000000000000e+00
1.000000000000000056e-01,-1.000000000000000000e+00
1.000000000000000056e-01,-1.000000000000000000e+00
1.000000000000000056e-01,-1.000000000000000000e+00
1.000000000000000056e-01,-1.000000000000000000e+00
1.000000000000000056e-01,-1.000000000000000000e+00
1.000000000000000056e-01,-1.000000000000000000e+00
1.000000000000000056e-01,-1.000000000000000000e+00
1.000000000000000056e-01,-1.000000000000000000e+00
1.000000000000000056e-01,-1.000000000000000000e+00
1.000000000000000056e-01,-1.000000000000000000e+00
1.000000000000000056e-01,-1.000000000000000000e+00
1.000000000000000056e-01,-1.000000000000000000e+00
1.000000000000000056e-01,-1.000000000000000000e+00
1.000000000000000056e-01,-1.000000000000000000e+00
1.000000000000000056e-01,-1.000000000000000000e+00
1.000000000000000056e-01,-1.000000000000000000e+00
1.000000000000000056e-01,-1.000000000000000000e+00
1.000000000000000056e-01,-1.000000000000000000e+00
-4.400000000000000022e-01,0.000000000000000000e+00
1.000000000000000056e-01,-1.000000000000000000e+00
1.000000000000000056e-01,-1.000000000000000000e+00
1.000000000000000056e-01,-1.000000000000000000e+00
1.000000000000000056e-01,-1.000000000000000000e+00
1.000000000000000056e-01,-1.000000000000000000e+00
1.000000000000000056e-01,-1.000000000000000000e+00
-4.400000000000000022e-01,0.000000000000000000e+00
-4.400000000000000022e-01,0.000000000000000000e+00
1.000000000000000056e-01,-1.000000000000000000e+00
1.000000000000000056e-01,-1.000000000000000000e+00
1.000000000000000056e-01,-1.000000000000000000e+00
1.000000000000000056e-01,-1.000000000000000000e+00
1.000000000000000056e-01,-1.000000000000000000e+00
1.000000000000000056e-01,-1.000000000000000000e+00
1.000000000000000056e-01,-1.000000000000000000e+00
1.000000000000000056e-01,-1.000000000000000000e+00
1.000000000000000056e-01,-1.000000000000000000e+00
1.000000000000000056e-01,-1.000000000000000000e+00
1.000000000000000056e-01,-1.000000000000000000e+00
1.000000000000000056e-01,-1.000000000000000000e+00
1.000000000000000056e-01,-1.000000000000000000e+00
1.000000000000000056e-01,-1.000000000000000000e+00
1.000000000000000056e-01,-1.000000000000000000e+00
1.000000000000000056e-01,-1.000000000000000000e+00
1.000000000000000056e-01,-1.000000000000000000e+00
1.000000000000000056e-01,-1.000000000000000000e+00
1.000000000000000056e-01,-1.000000000000000000e+00
1.000000000000000056e-01,-1.000000000000000000e+00
1.000000000000000056e-01,1.000000000000000000e+00
1.000000000000000056e-01,1.000000000000000000e+00
4.400000000000000022e-01,1.000000000000000000e+00
4.400000000000000022e-01,1.000000000000000000e+00
4.400000000000000022e-01,1.000000000000000000e+00
1.000000000000000056e-01,1.000000000000000000e+00
1.000000000000000056e-01,1.000000000000000000e+00
1.000000000000000056e-01,4.754469149165476138e-01
1.000000000000000056e-01,0.000000000000000000e+00
1.000000000000000056e-01,0.000000000000000000e+00
1.000000000000000056e-01,0.000000000000000000e+00
1.000000000000000056e-01,0.000000000000000000e+00
1.000000000000000056e-01,0.000000000000000000e+00
1.000000000000000056e-01,0.000000000000000000e+00
1.000000000000000056e-01,0.000000000000000000e+00
1.000000000000000056e-01,0.000000000000000000e+00
1.000000000000000056e-01,0.000000000000000000e+00
1.000000000000000056e-01,0.000000000000000000e+00
1.000000000000000056e-01,0.000000000000000000e+00
1.000000000000000056e-01,0.000000000000000000e+00
1.000000000000000056e-01,0.000000000000000000e+00
1.000000000000000056e-01,0.000000000000000000e+00
1.000000000000000056e-01,0.000000000000000000e+00
1.000000000000000056e-01,0.000000000000000000e+00
1.000000000000000056e-01,0.000000000000000000e+00
1.000000000000000056e-01,0.000000000000000000e+00
1.000000000000000056e-01,4.587747865172880357e-01
1.000000000000000056e-01,0.000000000000000000e+00
1.000000000000000056e-01,0.000000000000000000e+00
1.000000000000000056e-01,0.000000000000000000e+00
1.000000000000000056e-01,0.000000000000000000e+00
1.000000000000000056e-01,0.000000000000000000e+00
1.000000000000000056e-01,0.000000000000000000e+00
1.000000000000000056e-01,0.000000000000000000e+00
4.400000000000000022e-01,0.000000000000000000e+00
4.400000000000000022e-01,0.000000000000000000e+00
1.000000000000000056e-01,5.584535291255715572e-01
1.000000000000000056e-01,0.000000000000000000e+00
1.000000000000000056e-01,0.000000000000000000e+00
1.000000000000000056e-01,0.000000000000000000e+00
1.000000000000000056e-01,0.000000000000000000e+00
1.000000000000000056e-01,0.000000000000000000e+00
1.000000000000000056e-01,0.000000000000000000e+00
1.000000000000000056e-01,0.000000000000000000e+00
1.000000000000000056e-01,0.000000000000000000e+00
1.000000000000000056e-01,0.000000000000000000e+00
1.000000000000000056e-01,0.000000000000000000e+00
1.000000000000000056e-01,0.000000000000000000e+00
1.000000000000000056e-01,0.000000000000000000e+00
1.000000000000000056e-01,0.000000000000000000e+00
1.000000000000000056e-01,0.000000000000000000e+00
1.000000000000000056e-01,0.000000000000000000e+00
1.000000000000000056e-01,0.000000000000000000e+00
1.000000000000000056e-01,0.000000000000000000e+00
1.000000000000000056e-01,0.000000000000000000e+00
1.000000000000000056e-01,0.000000000000000000e+00
1.000000000000000056e-01,0.000000000000000000e+00
1.000000000000000056e-01,0.000000000000000000e+00
1.000000000000000056e-01,0.000000000000000000e+00
1.000000000000000056e-01,0.000000000000000000e+00
1.000000000000000056e-01,0.000000000000000000e+00
1.000000000000000056e-01,0.000000000000000000e+00
1.000000000000000056e-01,0.000000000000000000e+00
1.000000000000000056e-01,1.000000000000000000e+00
1.000000000000000056e-01,7.539682539682539542e-01
1.000000000000000056e-01,-5.184498434593753924e-02
1.000000000000000056e-01,-3.892309443780030964e-01
1.000000000000000056e-01,5.679999999999999494e-01
1.000000000000000056e-01,0.000000000000000000e+00
1.000000000000000056e-01,0.000000000000000000e+00
1.000000000000000056e-01,-2.605563835072032264e-01
1.000000000000000056e-01,8.412698412698412787e-01
1.000000000000000056e-01,-3.462389151441600532e-01
1.000000000000000056e-01,0.000000000000000000e+00
1.000000000000000056e-01,0.000000000000000000e+00
1.000000000000000056e-01,0.000000000000000000e+00
1.000000000000000056e-01,0.000000000000000000e+00
1.000000000000000056e-01,0.000000000000000000e+00
1.000000000000000056e-01,7.738095238095238360e-01
1.000000000000000056e-01,-1.970992058150491388e-01
1.000000000000000056e-01,-1.678615853915252920e-01
1.000000000000000056e-01,-3.735842771485675673e-01
1.000000000000000056e-01,7.866161616161615466e-01
1.000000000000000056e-01,-1.000000000000000000e+00
1.000000000000000056e-01,-4.215571662380174223e-01
1.000000000000000056e-01,-5.670977215669557037e-01
1.000000000000000056e-01,5.579124579124579153e-01
1.000000000000000056e-01,8.202247191011236005e-01
1.000000000000000056e-01,7.379018670309654970e-01
1.000000000000000056e-01,7.894736842105263275e-01
1.000000000000000056e-01,-1.000000000000000000e+00
1.000000000000000056e-01,0.000000000000000000e+00
1.000000000000000056e-01,7.583732057416268102e-01
1.000000000000000056e-01,0.000000000000000000e+00
1.000000000000000056e-01,0.000000000000000000e+00
1.000000000000000056e-01,0.000000000000000000e+00
1.000000000000000056e-01,-1.000000000000000000e+00
1.000000000000000056e-01,-5.000000000000000278e-02
1.000000000000000056e-01,5.084745762711864736e-02
1.000000000000000056e-01,8.271604938271605034e-01
1.000000000000000056e-01,0.000000000000000000e+00
1.000000000000000056e-01,5.405405405405405705e-02
1.000000000000000056e-01,0.000000000000000000e+00
1.000000000000000056e-01,0.000000000000000000e+00
1.000000000000000056e-01,0.000000000000000000e+00
1.000000000000000056e-01,0.000000000000000000e+00
1.000000000000000056e-01,0.000000000000000000e+00
1.000000000000000056e-01,-1.000000000000000000e+00
1.000000000000000056e-01,5.797101449275362528e-01
1.000000000000000056e-01,0.000000000000000000e+00
1.000000000000000056e-01,6.979166666666666297e-01
1.000000000000000056e-01,0.000000000000000000e+00
1.000000000000000056e-01,0.000000000000000000e+00
1.000000000000000056e-01,0.000000000000000000e+00
1.000000000000000056e-01,0.000000000000000000e+00
1.000000000000000056e-01,0.000000000000000000e+00
1.000000000000000056e-01,0.000000000000000000e+00
1.000000000000000056e-01,-1.000000000000000000e+00
1.000000000000000056e-01,0.000000000000000000e+00
1.000000000000000056e-01,7.878787878787878451e-01
1.000000000000000056e-01,-1.000000000000000000e+00
1.000000000000000056e-01,0.000000000000000000e+00
1.000000000000000056e-01,0.000000000000000000e+00
1.000000000000000056e-01,0.000000000000000000e+00
1.000000000000000056e-01,0.000000000000000000e+00
1.000000000000000056e-01,0.000000000000000000e+00
1.000000000000000056e-01,0.000000000000000000e+00
1.000000000000000056e-01,0.000000000000000000e+00
1.000000000000000056e-01,0.000000000000000000e+00
1.000000000000000056e-01,0.000000000000000000e+00
1.000000000000000056e-01,0.000000000000000000e+00
1.000000000000000056e-01,0.000000000000000000e+00
1.000000000000000056e-01,0.000000000000000000e+00
1.000000000000000056e-01,0.000000000000000000e+00
1.000000000000000056e-01,0.000000000000000000e+00
1.000000000000000056e-01,0.000000000000000000e+00
1.000000000000000056e-01,0.000000000000000000e+00
1.000000000000000056e-01,0.000000000000000000e+00
1.000000000000000056e-01,0.000000000000000000e+00
1.000000000000000056e-01,0.000000000000000000e+00
1.000000000000000056e-01,0.000000000000000000e+00
1.000000000000000056e-01,0.000000000000000000e+00
1.000000000000000056e-01,0.000000000000000000e+00
1.000000000000000056e-01,0.000000000000000000e+00
1.000000000000000056e-01,0.000000000000000000e+00
1.000000000000000056e-01,0.000000000000000000e+00
1.000000000000000056e-01,0.000000000000000000e+00
1.000000000000000056e-01,0.000000000000000000e+00
1.000000000000000056e-01,0.000000000000000000e+00
1.000000000000000056e-01,0.000000000000000000e+00
1.000000000000000056e-01,0.000000000000000000e+00
1.000000000000000056e-01,0.000000000000000000e+00
1.000000000000000056e-01,0.000000000000000000e+00
1.000000000000000056e-01,0.000000000000000000e+00
1.000000000000000056e-01,0.000000000000000000e+00
1.000000000000000056e-01,0.000000000000000000e+00
1.000000000000000056e-01,0.000000000000000000e+00
1.000000000000000056e-01,0.000000000000000000e+00
1.000000000000000056e-01,0.000000000000000000e+00
1.000000000000000056e-01,0.000000000000000000e+00
1.000000000000000056e-01,0.000000000000000000e+00
1.000000000000000056e-01,0.000000000000000000e+00
1.000000000000000056e-01,0.000000000000000000e+00
1.000000000000000056e-01,0.000000000000000000e+00
1.000000000000000056e-01,0.000000000000000000e+00
1.000000000000000056e-01,0.000000000000000000e+00
1.000000000000000056e-01,0.000000000000000000e+00
1.000000000000000056e-01,0.000000000000000000e+00
1.000000000000000056e-01,0.000000000000000000e+00
1.000000000000000056e-01,0.000000000000000000e+00
1.000000000000000056e-01,0.000000000000000000e+00
1.000000000000000056e-01,0.000000000000000000e+00
1.000000000000000056e-01,0.000000000000000000e+00
1.000000000000000056e-01,0.000000000000000000e+00
1.000000000000000056e-01,0.000000000000000000e+00
1.000000000000000056e-01,0.000000000000000000e+00
1.000000000000000056e-01,0.000000000000000000e+00
1.000000000000000056e-01,0.000000000000000000e+00
1.000000000000000056e-01,0.000000000000000000e+00
1.000000000000000056e-01,0.000000000000000000e+00
1.000000000000000056e-01,0.000000000000000000e+00
1.000000000000000056e-01,0.000000000000000000e+00
1.000000000000000056e-01,0.000000000000000000e+00
1.000000000000000056e-01,0.000000000000000000e+00
1.000000000000000056e-01,0.000000000000000000e+00
1.000000000000000056e-01,0.000000000000000000e+00
1.000000000000000056e-01,0.000000000000000000e+00
1.000000000000000056e-01,0.000000000000000000e+00
1.000000000000000056e-01,0.000000000000000000e+00
1.000000000000000056e-01,0.000000000000000000e+00
1.000000000000000056e-01,0.000000000000000000e+00
1.000000000000000056e-01,0.000000000000000000e+00
1.000000000000000056e-01,0.000000000000000000e+00
1.000000000000000056e-01,0.000000000000000000e+00
1.000000000000000056e-01,0.000000000000000000e+00
1.000000000000000056e-01,0.000000000000000000e+00
1.000000000000000056e-01,0.000000000000000000e+00
1.000000000000000056e-01,0.000000000000000000e+00
1.000000000000000056e-01,0.000000000000000000e+00
1.000000000000000056e-01,0.000000000000000000e+00
1.000000000000000056e-01,0.000000000000000000e+00
1.000000000000000056e-01,0.000000000000000000e+00
1.000000000000000056e-01,0.000000000000000000e+00
1.000000000000000056e-01,0.000000000000000000e+00
1.000000000000000056e-01,0.000000000000000000e+00
1.000000000000000056e-01,0.000000000000000000e+00
1.000000000000000056e-01,0.000000000000000000e+00
1.000000000000000056e-01,0.000000000000000000e+00
1.000000000000000056e-01,0.000000000000000000e+00
1.000000000000000056e-01,0.000000000000000000e+00
1.000000000000000056e-01,0.000000000000000000e+00
1.000000000000000056e-01,0.000000000000000000e+00
1.000000000000000056e-01,0.000000000000000000e+00
1.000000000000000056e-01,0.000000000000000000e+00
1.000000000000000056e-01,0.000000000000000000e+00
1.000000000000000056e-01,0.000000000000000000e+00
1.000000000000000056e-01,0.000000000000000000e+00
1.000000000000000056e-01,0.000000000000000000e+00
1.000000000000000056e-01,0.000000000000000000e+00
1.000000000000000056e-01,0.000000000000000000e+00
1.000000000000000056e-01,0.000000000000000000e+00
1.000000000000000056e-01,0.000000000000000000e+00
1.000000000000000056e-01,0.000000000000000000e+00
1.000000000000000056e-01,0.000000000000000000e+00
1.000000000000000056e-01,0.000000000000000000e+00
1.000000000000000056e-01,0.000000000000000000e+00
1.000000000000000056e-01,0.000000000000000000e+00
1.000000000000000056e-01,0.000000000000000000e+00
1.000000000000000056e-01,0.000000000000000000e+00
1.000000000000000056e-01,0.000000000000000000e+00
1.000000000000000056e-01,0.000000000000000000e+00
1.000000000000000056e-01,0.000000000000000000e+00
1.000000000000000056e-01,1.000000000000000000e+00
1.000000000000000056e-01,1.000000000000000000e+00
1.000000000000000056e-01,1.000000000000000000e+00
1.000000000000000056e-01,1.000000000000000000e+00
1.000000000000000056e-01,1.000000000000000000e+00
1.000000000000000056e-01,1.000000000000000000e+00
1.000000000000000056e-01,1.000000000000000000e+00
1.000000000000000056e-01,1.000000000000000000e+00
1.000000000000000056e-01,1.000000000000000000e+00
1.000000000000000056e-01,1.000000000000000000e+00
1.000000000000000056e-01,1.000000000000000000e+00
1.000000000000000056e-01,1.000000000000000000e+00
1.000000000000000056e-01,1.000000000000000000e+00
1.000000000000000056e-01,1.000000000000000000e+00
1.000000000000000056e-01,1.000000000000000000e+00
1.000000000000000056e-01,1.000000000000000000e+00
1.000000000000000056e-01,1.000000000000000000e+00
1.000000000000000056e-01,1.000000000000000000e+00
1.000000000000000056e-01,1.000000000000000000e+00
1.000000000000000056e-01,1.000000000000000000e+00
1.000000000000000056e-01,1.000000000000000000e+00
1.000000000000000056e-01,1.000000000000000000e+00
1.000000000000000056e-01,1.000000000000000000e+00
1.000000000000000056e-01,1.000000000000000000e+00
1.000000000000000056e-01,1.000000000000000000e+00
1.000000000000000056e-01,1.000000000000000000e+00
1.000000000000000056e-01,1.000000000000000000e+00
1.000000000000000056e-01,1.000000000000000000e+00
1.000000000000000056e-01,1.000000000000000000e+00
1.000000000000000056e-01,1.000000000000000000e+00
1.000000000000000056e-01,0.000000000000000000e+00
1.000000000000000056e-01,0.000000000000000000e+00
1.000000000000000056e-01,0.000000000000000000e+00
1.000000000000000056e-01,0.000000000000000000e+00
1.000000000000000056e-01,0.000000000000000000e+00
1.000000000000000056e-01,0.000000000000000000e+00
1.000000000000000056e-01,0.000000000000000000e+00
1.000000000000000056e-01,0.000000000000000000e+00
1.000000000000000056e-01,0.000000000000000000e+00
1.000000000000000056e-01,0.000000000000000000e+00
1.000000000000000056e-01,0.000000000000000000e+00
1.000000000000000056e-01,0.000000000000000000e+00
1.000000000000000056e-01,0.000000000000000000e+00
1.000000000000000056e-01,0.000000000000000000e+00
1.000000000000000056e-01,0.000000000000000000e+00
1.000000000000000056e-01,0.000000000000000000e+00
1.000000000000000056e-01,0.000000000000000000e+00
1.000000000000000056e-01,0.000000000000000000e+00
1.000000000000000056e-01,0.000000000000000000e+00
1.000000000000000056e-01,0.000000000000000000e+00
1.000000000000000056e-01,0.000000000000000000e+00
1.000000000000000056e-01,0.000000000000000000e+00
1.000000000000000056e-01,0.000000000000000000e+00
1.000000000000000056e-01,0.000000000000000000e+00
1.000000000000000056e-01,0.000000000000000000e+00
1.000000000000000056e-01,0.000000000000000000e+00
1.000000000000000056e-01,0.000000000000000000e+00
1.000000000000000056e-01,0.000000000000000000e+00
1.000000000000000056e-01,0.000000000000000000e+00
1.000000000000000056e-01,0.000000000000000000e+00
1.000000000000000056e-01,0.000000000000000000e+00
1.000000000000000056e-01,0.000000000000000000e+00
1.000000000000000056e-01,0.000000000000000000e+00
1.000000000000000056e-01,0.000000000000000000e+00
1.000000000000000056e-01,0.000000000000000000e+00
1.000000000000000056e-01,0.000000000000000000e+00
1.000000000000000056e-01,0.000000000000000000e+00
1.000000000000000056e-01,0.000000000000000000e+00
1.000000000000000056e-01,0.000000000000000000e+00
1.000000000000000056e-01,0.000000000000000000e+00
1.000000000000000056e-01,0.000000000000000000e+00
1.000000000000000056e-01,0.000000000000000000e+00
1.000000000000000056e-01,0.000000000000000000e+00
1.000000000000000056e-01,0.000000000000000000e+00
1.000000000000000056e-01,0.000000000000000000e+00
1.000000000000000056e-01,0.000000000000000000e+00
1.000000000000000056e-01,0.000000000000000000e+00
1.000000000000000056e-01,0.000000000000000000e+00
1.000000000000000056e-01,0.000000000000000000e+00
1.000000000000000056e-01,0.000000000000000000e+00
4.400000000000000022e-01,1.000000000000000000e+00
4.400000000000000022e-01,1.000000000000000000e+00
4.400000000000000022e-01,1.000000000000000000e+00
4.400000000000000022e-01,1.000000000000000000e+00
1.000000000000000056e-01,1.000000000000000000e+00
1.000000000000000056e-01,-1.000000000000000000e+00
1.000000000000000056e-01,8.698984003136963628e-01
1.000000000000000056e-01,6.690718763994625284e-01
1.000000000000000056e-01,3.301886108604644710e-01
1.000000000000000056e-01,1.745479642643270601e-01
1.000000000000000056e-01,-6.730554065530846009e-01
1.000000000000000056e-01,2.313610262109844218e-01
1.000000000000000056e-01,3.838447189883520405e-01
1.000000000000000056e-01,-7.230774328250171301e-01
1.000000000000000056e-01,3.833925531127397868e-01
1.000000000000000056e-01,4.163567925442122064e-01
1.000000000000000056e-01,-7.218162804656109710e-01
1.000000000000000056e-01,2.805454748195602699e-01
1.000000000000000056e-01,2.932321607466917834e-01
1.000000000000000056e-01,4.294871401296951330e-01
1.000000000000000056e-01,3.225809714940994777e-01
1.000000000000000056e-01,-7.265727441636435913e-01
1.000000000000000056e-01,3.082791626797469764e-01
1.000000000000000056e-01,2.662557197283360599e-01
1.000000000000000056e-01,4.257827628183054047e-01
1.000000000000000056e-01,3.863962645509280147e-01
1.000000000000000056e-01,-7.822668184924488344e-01
1.000000000000000056e-01,1.718219126725970547e-01
1.000000000000000056e-01,3.104307445121967657e-01
1.000000000000000056e-01,0.000000000000000000e+00
1.000000000000000056e-01,0.000000000000000000e+00
1.000000000000000056e-01,-7.591620405891732482e-01
1.000000000000000056e-01,0.000000000000000000e+00
1.000000000000000056e-01,0.000000000000000000e+00
1.000000000000000056e-01,4.770545003868820189e-02
1.000000000000000056e-01,5.600846975781270665e-02
1.000000000000000056e-01,-8.284896217232310400e-01
1.000000000000000056e-01,0.000000000000000000e+00
1.000000000000000056e-01,0.000000000000000000e+00
1.000000000000000056e-01,1.641414141414140326e-01
1.000000000000000056e-01,-8.135789247264862967e-01
1.000000000000000056e-01,0.000000000000000000e+00
1.000000000000000056e-01,0.000000000000000000e+00
1.000000000000000056e-01,1.054675255014965174e-01
1.000000000000000056e-01,0.000000000000000000e+00
1.000000000000000056e-01,0.000000000000000000e+00
1.000000000000000056e-01,6.295355587808415532e-02
1.000000000000000056e-01,2.337807606263980764e-01
1.000000000000000056e-01,-8.022577371892440912e-01
1.000000000000000056e-01,-1.109785030646444071e-01
1.000000000000000056e-01,1.524051552980058011e-01
1.000000000000000056e-01,7.511186287844695553e-02
1.000000000000000056e-01,1.614718347016245170e-01
1.000000000000000056e-01,8.075426138620611649e-02
1.000000000000000056e-01,1.252573298179704420e-02
1.000000000000000056e-01,-1.274494701999773216e-02
1.000000000000000056e-01,-8.177036106570623186e-02
1.000000000000000056e-01,1.096231219760631648e-01
1.000000000000000056e-01,-3.356595511767923590e-03
1.000000000000000056e-01,1.899585921325052107e-01
1.000000000000000056e-01,1.000000000000000000e+00
1.000000000000000056e-01,2.943230584996441301e-01
1.000000000000000056e-01,1.723432698829219234e-02
1.000000000000000056e-01,-1.000000000000000000e+00
1.000000000000000056e-01,0.000000000000000000e+00
1.000000000000000056e-01,0.000000000000000000e+00
1.000000000000000056e-01,0.000000000000000000e+00
1.000000000000000056e-01,-7.847503373819164629e-02
1.000000000000000056e-01,-1.627885295927357090e-01
1.000000000000000056e-01,1.000000000000000000e+00
1.000000000000000056e-01,1.587527339569083651e-02
1.000000000000000056e-01,-9.099264705882352811e-01
1.000000000000000056e-01,4.166666666666666852e-01
1.000000000000000056e-01,0.000000000000000000e+00
1.000000000000000056e-01,3.636363636363635354e-01
1.000000000000000056e-01,-2.603295556954687839e-02
1.000000000000000056e-01,-6.787990196078430571e-01
1.000000000000000056e-01,1.697467711640939791e-01
1.000000000000000056e-01,5.455392949458282015e-02
1.000000000000000056e-01,-1.000000000000000000e+00
1.000000000000000056e-01,0.000000000000000000e+00
1.000000000000000056e-01,9.043040293040293109e-01
1.000000000000000056e-01,-5.241444873180173269e-01
1.000000000000000056e-01,-4.319029034823180790e-01
1.000000000000000056e-01,8.177378381909349292e-01
1.000000000000000056e-01,-4.719253521587083444e-01
1.000000000000000056e-01,8.056781590502520851e-01
1.000000000000000056e-01,-1.000000000000000000e+00
1.000000000000000056e-01,0.000000000000000000e+00
1.000000000000000056e-01,7.659234433427981603e-01
1.000000000000000056e-01,5.607352846158816240e-01
1.000000000000000056e-01,0.000000000000000000e+00
1.000000000000000056e-01,-1.000000000000000000e+00
1.000000000000000056e-01,0.000000000000000000e+00
1.000000000000000056e-01,6.349762950971322706e-01
1.000000000000000056e-01,7.453102453102452563e-01
1.000000000000000056e-01,6.938264738598443060e-02
1.000000000000000056e-01,-1.000000000000000000e+00
1.000000000000000056e-01,0.000000000000000000e+00
1.000000000000000056e-01,8.128888888888888831e-01
1.000000000000000056e-01,-1.000000000000000000e+00
1.000000000000000056e-01,1.000000000000000000e+00
1.000000000000000056e-01,-1.000000000000000000e+00
1.000000000000000056e-01,1.000000000000000000e+00
1.000000000000000056e-01,0.000000000000000000e+00
1.000000000000000056e-01,-1.000000000000000000e+00
1.000000000000000056e-01,1.000000000000000000e+00
1.000000000000000056e-01,0.000000000000000000e+00
1.000000000000000056e-01,-1.000000000000000000e+00
1.000000000000000056e-01,1.000000000000000000e+00
1.000000000000000056e-01,0.000000000000000000e+00
1.000000000000000056e-01,-1.000000000000000000e+00
1.000000000000000056e-01,1.000000000000000000e+00
1.000000000000000056e-01,1.000000000000000000e+00
1.000000000000000056e-01,0.000000000000000000e+00
1.000000000000000056e-01,-1.000000000000000000e+00
1.000000000000000056e-01,1.000000000000000000e+00
1.000000000000000056e-01,0.000000000000000000e+00
1.000000000000000056e-01,0.000000000000000000e+00
1.000000000000000056e-01,0.000000000000000000e+00
1.000000000000000056e-01,2.038834951456310607e-01
1.000000000000000056e-01,0.000000000000000000e+00
1.000000000000000056e-01,6.108597285067873806e-01
1.000000000000000056e-01,-1.000000000000000000e+00
1.000000000000000056e-01,1.000000000000000000e+00
1.000000000000000056e-01,0.000000000000000000e+00
1.000000000000000056e-01,0.000000000000000000e+00
1.000000000000000056e-01,-1.000000000000000000e+00
1.000000000000000056e-01,1.000000000000000000e+00
1.000000000000000056e-01,0.000000000000000000e+00
1.000000000000000056e-01,-1.492562685932851130e-01
1.000000000000000056e-01,5.126647599064104721e-01
1.000000000000000056e-01,0.000000000000000000e+00
1.000000000000000056e-01,6.729415904292751494e-01
1.000000000000000056e-01,-1.000000000000000000e+00
1.000000000000000056e-01,1.000000000000000000e+00
1.000000000000000056e-01,0.000000000000000000e+00
1.000000000000000056e-01,-1.000000000000000000e+00
1.000000000000000056e-01,1.000000000000000000e+00
1.000000000000000056e-01,1.000000000000000000e+00
1.000000000000000056e-01,0.000000000000000000e+00
1.000000000000000056e-01,-1.000000000000000000e+00
1.000000000000000056e-01,1.000000000000000000e+00
1.000000000000000056e-01,0.000000000000000000e+00
1.000000000000000056e-01,1.000000000000000000e+00
1.000000000000000056e-01,0.000000000000000000e+00
1.000000000000000056e-01,0.000000000000000000e+00
1.000000000000000056e-01,0.000000000000000000e+00
1.000000000000000056e-01,0.000000000000000000e+00
1.000000000000000056e-01,5.089567050596462972e-01
1.000000000000000056e-01,0.000000000000000000e+00
1.000000000000000056e-01,0.000000000000000000e+00
1.000000000000000056e-01,0.000000000000000000e+00
1.000000000000000056e-01,0.000000000000000000e+00
1.000000000000000056e-01,0.000000000000000000e+00
1.000000000000000056e-01,1.000000000000000000e+00
1.000000000000000056e-01,0.000000000000000000e+00
1.000000000000000056e-01,0.000000000000000000e+00
1.000000000000000056e-01,0.000000000000000000e+00
1.000000000000000056e-01,1.000000000000000000e+00
1.000000000000000056e-01,0.000000000000000000e+00
1.000000000000000056e-01,0.000000000000000000e+00
1.000000000000000056e-01,1.000000000000000000e+00
1.000000000000000056e-01,0.000000000000000000e+00
1.000000000000000056e-01,1.000000000000000000e+00
1.000000000000000056e-01,0.000000000000000000e+00
1.000000000000000056e-01,1.451360337048579197e-01
1.000000000000000056e-01,1.000000000000000000e+00
1.000000000000000056e-01,1.000000000000000000e+00
1.000000000000000056e-01,0.000000000000000000e+00
1.000000000000000056e-01,-1.000000000000000000e+00
1.000000000000000056e-01,1.000000000000000000e+00
1.000000000000000056e-01,0.000000000000000000e+00
1.000000000000000056e-01,2.590141589180050552e-01
1.000000000000000056e-01,0.000000000000000000e+00
1.000000000000000056e-01,-1.000000000000000000e+00
1.000000000000000056e-01,1.000000000000000000e+00
1.000000000000000056e-01,0.000000000000000000e+00
1.000000000000000056e-01,0.000000000000000000e+00
1.000000000000000056e-01,1.000000000000000000e+00
1.000000000000000056e-01,0.000000000000000000e+00
1.000000000000000056e-01,-1.000000000000000000e+00
1.000000000000000056e-01,1.000000000000000000e+00
1.000000000000000056e-01,1.000000000000000000e+00
1.000000000000000056e-01,1.000000000000000000e+00
1.000000000000000056e-01,0.000000000000000000e+00
1.000000000000000056e-01,1.000000000000000000e+00
1.000000000000000056e-01,0.000000000000000000e+00
1.000000000000000056e-01,0.000000000000000000e+00
1.000000000000000056e-01,-1.000000000000000000e+00
1.000000000000000056e-01,1.000000000000000000e+00
1.000000000000000056e-01,1.000000000000000000e+00
1.000000000000000056e-01,0.000000000000000000e+00
1.000000000000000056e-01,-1.000000000000000000e+00
1.000000000000000056e-01,1.000000000000000000e+00
1.000000000000000056e-01,1.000000000000000000e+00
1.000000000000000056e-01,0.000000000000000000e+00
1.000000000000000056e-01,-1.000000000000000000e+00
1.000000000000000056e-01,1.000000000000000000e+00
1.000000000000000056e-01,1.000000000000000000e+00
1.000000000000000056e-01,0.000000000000000000e+00
1.000000000000000056e-01,3.140955331777443571e-01
1.000000000000000056e-01,1.000000000000000000e+00
1.000000000000000056e-01,1.000000000000000000e+00
4.400000000000000022e-01,0.000000000000000000e+00
3.499999999999999778e-01,1.000000000000000000e+00
3.499999999999999778e-01,1.000000000000000000e+00
4.400000000000000022e-01,0.000000000000000000e+00
3.499999999999999778e-01,1.000000000000000000e+00
4.400000000000000022e-01,0.000000000000000000e+00
4.400000000000000022e-01,0.000000000000000000e+00
3.499999999999999778e-01,1.000000000000000000e+00
4.400000000000000022e-01,0.000000000000000000e+00
3.499999999999999778e-01,1.000000000000000000e+00
4.400000000000000022e-01,0.000000000000000000e+00
4.400000000000000022e-01,0.000000000000000000e+00
4.400000000000000022e-01,0.000000000000000000e+00
3.499999999999999778e-01,1.000000000000000000e+00
4.400000000000000022e-01,0.000000000000000000e+00
4.400000000000000022e-01,0.000000000000000000e+00
3.499999999999999778e-01,1.000000000000000000e+00
4.400000000000000022e-01,0.000000000000000000e+00
4.400000000000000022e-01,0.000000000000000000e+00
4.400000000000000022e-01,0.000000000000000000e+00
3.499999999999999778e-01,1.000000000000000000e+00
4.400000000000000022e-01,0.000000000000000000e+00
4.400000000000000022e-01,0.000000000000000000e+00
4.400000000000000022e-01,-7.119716253283752128e-01
4.400000000000000022e-01,6.221792291098389160e-01
4.400000000000000022e-01,5.646138807429129658e-01
4.400000000000000022e-01,6.573079334394721363e-01
4.400000000000000022e-01,5.679651044836681040e-01
4.400000000000000022e-01,8.203837786578903613e-01
4.400000000000000022e-01,7.971562487691519205e-01
4.400000000000000022e-01,8.722858470811845066e-02
4.400000000000000022e-01,-2.305284465819266160e-01
4.400000000000000022e-01,1.042617292617292746e-01
4.400000000000000022e-01,0.000000000000000000e+00
4.400000000000000022e-01,0.000000000000000000e+00
4.400000000000000022e-01,0.000000000000000000e+00
4.400000000000000022e-01,0.000000000000000000e+00
4.400000000000000022e-01,0.000000000000000000e+00
4.400000000000000022e-01,0.000000000000000000e+00
4.400000000000000022e-01,0.000000000000000000e+00
4.400000000000000022e-01,0.000000000000000000e+00
4.400000000000000022e-01,0.000000000000000000e+00
4.400000000000000022e-01,0.000000000000000000e+00
4.400000000000000022e-01,0.000000000000000000e+00
4.400000000000000022e-01,0.000000000000000000e+00
4.400000000000000022e-01,0.000000000000000000e+00
4.400000000000000022e-01,0.000000000000000000e+00
4.400000000000000022e-01,0.000000000000000000e+00
4.400000000000000022e-01,0.000000000000000000e+00
4.400000000000000022e-01,0.000000000000000000e+00
4.400000000000000022e-01,0.000000000000000000e+00
4.400000000000000022e-01,0.000000000000000000e+00
4.400000000000000022e-01,0.000000000000000000e+00
4.400000000000000022e-01,0.000000000000000000e+00
4.400000000000000022e-01,0.000000000000000000e+00
4.400000000000000022e-01,0.000000000000000000e+00
4.400000000000000022e-01,0.000000000000000000e+00
4.400000000000000022e-01,0.000000000000000000e+00
4.400000000000000022e-01,0.000000000000000000e+00
4.400000000000000022e-01,0.000000000000000000e+00
4.400000000000000022e-01,0.000000000000000000e+00
4.400000000000000022e-01,0.000000000000000000e+00
4.400000000000000022e-01,0.000000000000000000e+00
4.400000000000000022e-01,0.000000000000000000e+00
4.400000000000000022e-01,0.000000000000000000e+00
4.400000000000000022e-01,-1.000000000000000000e+00
8.000000000000000444e-01,-7.281048470979878395e-03
8.000000000000000444e-01,2.096146736144166578e-02
8.000000000000000444e-01,-5.388556966226865086e-02
8.000000000000000444e-01,7.747186147186148064e-01
8.000000000000000444e-01,6.692961846466305431e-02
8.000000000000000444e-01,-4.289562777591382492e-02
8.000000000000000444e-01,-7.949913980588826368e-01
8.000000000000000444e-01,-1.470970165419555054e-01
8.000000000000000444e-01,0.000000000000000000e+00
3.499999999999999778e-01,1.000000000000000000e+00
4.400000000000000022e-01,0.000000000000000000e+00
8.000000000000000444e-01,-3.281137881547717683e-01
4.400000000000000022e-01,8.557692307692308376e-01
8.000000000000000444e-01,-4.885938032005454623e-02
8.000000000000000444e-01,-4.251158848761589226e-01
4.400000000000000022e-01,9.791666666666666297e-01
4.400000000000000022e-01,8.980042945560188228e-01
8.000000000000000444e-01,-1.000000000000000000e+00
4.400000000000000022e-01,0.000000000000000000e+00
3.499999999999999778e-01,1.000000000000000000e+00
4.400000000000000022e-01,0.000000000000000000e+00
3.499999999999999778e-01,1.000000000000000000e+00
4.400000000000000022e-01,0.000000000000000000e+00
4.400000000000000022e-01,0.000000000000000000e+00
3.499999999999999778e-01,1.000000000000000000e+00
3.499999999999999778e-01,1.000000000000000000e+00
4.400000000000000022e-01,0.000000000000000000e+00
3.499999999999999778e-01,1.000000000000000000e+00
4.400000000000000022e-01,0.000000000000000000e+00
3.499999999999999778e-01,1.000000000000000000e+00
3.499999999999999778e-01,1.000000000000000000e+00
3.499999999999999778e-01,1.000000000000000000e+00
3.499999999999999778e-01,1.000000000000000000e+00
3.499999999999999778e-01,1.000000000000000000e+00
3.499999999999999778e-01,1.000000000000000000e+00
3.499999999999999778e-01,1.000000000000000000e+00
3.499999999999999778e-01,1.000000000000000000e+00
3.499999999999999778e-01,1.000000000000000000e+00
3.499999999999999778e-01,1.000000000000000000e+00
3.499999999999999778e-01,1.000000000000000000e+00
3.499999999999999778e-01,1.000000000000000000e+00
3.499999999999999778e-01,1.000000000000000000e+00
3.499999999999999778e-01,1.000000000000000000e+00
3.499999999999999778e-01,1.000000000000000000e+00
3.499999999999999778e-01,1.000000000000000000e+00
3.499999999999999778e-01,1.000000000000000000e+00
3.499999999999999778e-01,1.000000000000000000e+00
4.400000000000000022e-01,0.000000000000000000e+00
8.000000000000000444e-01,-3.235402528505976205e-01
4.400000000000000022e-01,0.000000000000000000e+00
4.400000000000000022e-01,0.000000000000000000e+00
4.400000000000000022e-01,0.000000000000000000e+00
4.400000000000000022e-01,0.000000000000000000e+00
4.400000000000000022e-01,0.000000000000000000e+00
4.400000000000000022e-01,0.000000000000000000e+00
4.400000000000000022e-01,0.000000000000000000e+00
4.400000000000000022e-01,0.000000000000000000e+00
4.400000000000000022e-01,0.000000000000000000e+00
4.400000000000000022e-01,0.000000000000000000e+00
4.400000000000000022e-01,0.000000000000000000e+00
4.400000000000000022e-01,0.000000000000000000e+00
1.000000000000000056e-01,-1.000000000000000000e+00
1.000000000000000056e-01,-1.000000000000000000e+00
1.000000000000000056e-01,0.000000000000000000e+00
1.000000000000000056e-01,-1.000000000000000000e+00
1.000000000000000056e-01,-1.000000000000000000e+00
1.000000000000000056e-01,0.000000000000000000e+00
1.000000000000000056e-01,-1.000000000000000000e+00
1.000000000000000056e-01,-1.000000000000000000e+00
1.000000000000000056e-01,0.000000000000000000e+00
1.000000000000000056e-01,-1.000000000000000000e+00
1.000000000000000056e-01,-1.000000000000000000e+00
1.000000000000000056e-01,0.000000000000000000e+00
1.000000000000000056e-01,-1.000000000000000000e+00
1.000000000000000056e-01,-1.000000000000000000e+00
1.000000000000000056e-01,0.000000000000000000e+00
1.000000000000000056e-01,-1.000000000000000000e+00
1.000000000000000056e-01,-1.000000000000000000e+00
1.000000000000000056e-01,0.000000000000000000e+00
1.000000000000000056e-01,-1.000000000000000000e+00
1.000000000000000056e-01,-1.000000000000000000e+00
1.000000000000000056e-01,0.000000000000000000e+00
1.000000000000000056e-01,-1.000000000000000000e+00
1.000000000000000056e-01,-1.000000000000000000e+00
1.000000000000000056e-01,0.000000000000000000e+00
4.400000000000000022e-01,-9.769576418732589529e-01
4.400000000000000022e-01,-9.731107556977209860e-01
8.000000000000000444e-01,-3.311688311688311126e-01
4.400000000000000022e-01,6.275257108287961572e-01
4.400000000000000022e-01,2.808295196463135301e-01
3.499999999999999778e-01,1.000000000000000000e+00
3.499999999999999778e-01,1.000000000000000000e+00
3.499999999999999778e-01,1.000000000000000000e+00
3.499999999999999778e-01,1.000000000000000000e+00
3.499999999999999778e-01,1.000000000000000000e+00
3.499999999999999778e-01,1.000000000000000000e+00
3.499999999999999778e-01,1.000000000000000000e+00
3.499999999999999778e-01,1.000000000000000000e+00
4.400000000000000022e-01,0.000000000000000000e+00
3.499999999999999778e-01,1.000000000000000000e+00
3.499999999999999778e-01,1.000000000000000000e+00
3.499999999999999778e-01,1.000000000000000000e+00
3.499999999999999778e-01,1.000000000000000000e+00
3.499999999999999778e-01,1.000000000000000000e+00
3.499999999999999778e-01,1.000000000000000000e+00
3.499999999999999778e-01,1.000000000000000000e+00
3.499999999999999778e-01,1.000000000000000000e+00
3.499999999999999778e-01,1.000000000000000000e+00
3.499999999999999778e-01,1.000000000000000000e+00
3.499999999999999778e-01,1.000000000000000000e+00
4.400000000000000022e-01,0.000000000000000000e+00
3.499999999999999778e-01,1.000000000000000000e+00
4.400000000000000022e-01,0.000000000000000000e+00
3.499999999999999778e-01,1.000000000000000000e+00
4.400000000000000022e-01,0.000000000000000000e+00
4.400000000000000022e-01,0.000000000000000000e+00
3.499999999999999778e-01,1.000000000000000000e+00
4.400000000000000022e-01,0.000000000000000000e+00
4.400000000000000022e-01,0.000000000000000000e+00
4.400000000000000022e-01,0.000000000000000000e+00
3.499999999999999778e-01,1.000000000000000000e+00
4.400000000000000022e-01,0.000000000000000000e+00
4.400000000000000022e-01,0.000000000000000000e+00
4.400000000000000022e-01,0.000000000000000000e+00
8.000000000000000444e-01,6.573568629252809492e-01
4.400000000000000022e-01,0.000000000000000000e+00
8.000000000000000444e-01,7.021276595744680993e-01
8.000000000000000444e-01,7.036475110887598916e-01
8.000000000000000444e-01,6.802606723649288201e-01
8.000000000000000444e-01,7.830939627649621260e-01
8.000000000000000444e-01,-2.466259859596275916e-01
8.000000000000000444e-01,-3.152296232835962719e-01
8.000000000000000444e-01,7.954558888526171989e-01
8.000000000000000444e-01,-3.241837498959754260e-02
8.000000000000000444e-01,8.315288405174858788e-02
8.000000000000000444e-01,-2.429770014277066181e-02
8.000000000000000444e-01,8.927280939476061050e-01
8.000000000000000444e-01,6.256148760523316810e-02
8.000000000000000444e-01,-8.926711865851788552e-01
8.000000000000000444e-01,-7.057446093025920852e-02
8.000000000000000444e-01,-6.987627573007126891e-02
8.000000000000000444e-01,4.467194467194457452e-03
8.000000000000000444e-01,1.255259537969818373e-01
8.000000000000000444e-01,6.958041958041958353e-01
8.000000000000000444e-01,-2.721385542168675009e-01
8.000000000000000444e-01,1.000000000000000000e+00
4.400000000000000022e-01,-8.608316391137096346e-01
4.400000000000000022e-01,6.501443001443002467e-01
4.400000000000000022e-01,-7.848622751468175007e-01
8.000000000000000444e-01,-5.295980117366161366e-01
4.400000000000000022e-01,7.190036572622778843e-01
4.400000000000000022e-01,7.249443857098807342e-01
8.000000000000000444e-01,-6.215667138372460432e-02
8.000000000000000444e-01,1.000000000000000000e+00
4.400000000000000022e-01,0.000000000000000000e+00
3.499999999999999778e-01,1.000000000000000000e+00
4.400000000000000022e-01,0.000000000000000000e+00
8.000000000000000444e-01,1.000000000000000000e+00
3.499999999999999778e-01,1.000000000000000000e+00
4.400000000000000022e-01,0.000000000000000000e+00
8.000000000000000444e-01,1.000000000000000000e+00
3.499999999999999778e-01,1.000000000000000000e+00
3.499999999999999778e-01,1.000000000000000000e+00
3.499999999999999778e-01,1.000000000000000000e+00
3.499999999999999778e-01,1.000000000000000000e+00
3.499999999999999778e-01,1.000000000000000000e+00
3.499999999999999778e-01,1.000000000000000000e+00
3.499999999999999778e-01,1.000000000000000000e+00
3.499999999999999778e-01,1.000000000000000000e+00
3.499999999999999778e-01,1.000000000000000000e+00
3.499999999999999778e-01,1.000000000000000000e+00
3.499999999999999778e-01,1.000000000000000000e+00
3.499999999999999778e-01,1.000000000000000000e+00
3.499999999999999778e-01,1.000000000000000000e+00
3.499999999999999778e-01,1.000000000000000000e+00
3.499999999999999778e-01,1.000000000000000000e+00
3.499999999999999778e-01,1.000000000000000000e+00
3.499999999999999778e-01,1.000000000000000000e+00
3.499999999999999778e-01,1.000000000000000000e+00
3.499999999999999778e-01,1.000000000000000000e+00
3.499999999999999778e-01,1.000000000000000000e+00
4.400000000000000022e-01,0.000000000000000000e+00
3.499999999999999778e-01,1.000000000000000000e+00
4.400000000000000022e-01,0.000000000000000000e+00
4.400000000000000022e-01,0.000000000000000000e+00
3.499999999999999778e-01,1.000000000000000000e+00
4.400000000000000022e-01,0.000000000000000000e+00
4.400000000000000022e-01,0.000000000000000000e+00
3.499999999999999778e-01,1.000000000000000000e+00
4.400000000000000022e-01,0.000000000000000000e+00
4.400000000000000022e-01,0.000000000000000000e+00
4.400000000000000022e-01,0.000000000000000000e+00
3.499999999999999778e-01,1.000000000000000000e+00
4.400000000000000022e-01,0.000000000000000000e+00
4.400000000000000022e-01,0.000000000000000000e+00
8.000000000000000444e-01,5.758082497212932971e-01
4.400000000000000022e-01,0.000000000000000000e+00
8.000000000000000444e-01,0.000000000000000000e+00
3.499999999999999778e-01,1.000000000000000000e+00
8.000000000000000444e-01,6.481885110917369186e-01
8.000000000000000444e-01,7.569416566305365857e-01
8.000000000000000444e-01,-2.748037508024619990e-01
8.000000000000000444e-01,-3.086999358733584220e-01
8.000000000000000444e-01,8.041904040199009396e-01
8.000000000000000444e-01,8.458243595872542153e-01
8.000000000000000444e-01,3.311822700204580805e-03
8.000000000000000444e-01,9.450118869878787464e-03
8.000000000000000444e-01,3.440911232522259056e-02
8.000000000000000444e-01,4.566650290673879287e-02
8.000000000000000444e-01,8.137254901960784270e-01
8.000000000000000444e-01,-1.488473900609863509e-01
8.000000000000000444e-01,-1.292522211346257555e-01
8.000000000000000444e-01,-1.617363261093910376e-01
8.000000000000000444e-01,-1.655207609830964266e-01
4.400000000000000022e-01,-1.259348151195407439e-01
4.400000000000000022e-01,8.230220408236734730e-01
4.400000000000000022e-01,-8.906250000000000000e-01
4.400000000000000022e-01,8.752585119798234059e-01
4.400000000000000022e-01,-8.823529411764705621e-01
4.400000000000000022e-01,-5.405405405405405705e-02
4.400000000000000022e-01,8.822236740511968378e-01
4.400000000000000022e-01,-1.000000000000000000e+00
4.400000000000000022e-01,8.561415220293724371e-01
4.400000000000000022e-01,0.000000000000000000e+00
4.400000000000000022e-01,8.579234972677595161e-01
4.400000000000000022e-01,0.000000000000000000e+00
4.400000000000000022e-01,0.000000000000000000e+00
4.400000000000000022e-01,0.000000000000000000e+00
4.400000000000000022e-01,0.000000000000000000e+00
4.400000000000000022e-01,0.000000000000000000e+00
4.400000000000000022e-01,0.000000000000000000e+00
4.400000000000000022e-01,0.000000000000000000e+00
4.400000000000000022e-01,0.000000000000000000e+00
4.400000000000000022e-01,0.000000000000000000e+00
4.400000000000000022e-01,0.000000000000000000e+00
4.400000000000000022e-01,0.000000000000000000e+00
4.400000000000000022e-01,0.000000000000000000e+00
4.400000000000000022e-01,0.000000000000000000e+00
4.400000000000000022e-01,0.000000000000000000e+00
4.400000000000000022e-01,0.000000000000000000e+00
4.400000000000000022e-01,0.000000000000000000e+00
4.400000000000000022e-01,0.000000000000000000e+00
4.400000000000000022e-01,0.000000000000000000e+00
4.400000000000000022e-01,0.000000000000000000e+00
4.400000000000000022e-01,0.000000000000000000e+00
4.400000000000000022e-01,0.000000000000000000e+00
4.400000000000000022e-01,0.000000000000000000e+00
4.400000000000000022e-01,0.000000000000000000e+00
4.400000000000000022e-01,0.000000000000000000e+00
4.400000000000000022e-01,0.000000000000000000e+00
4.400000000000000022e-01,0.000000000000000000e+00
4.400000000000000022e-01,0.000000000000000000e+00
4.400000000000000022e-01,0.000000000000000000e+00
4.400000000000000022e-01,0.000000000000000000e+00
4.400000000000000022e-01,0.000000000000000000e+00
4.400000000000000022e-01,0.000000000000000000e+00
4.400000000000000022e-01,0.000000000000000000e+00
4.400000000000000022e-01,-1.000000000000000000e+00
4.400000000000000022e-01,-1.000000000000000000e+00
8.000000000000000444e-01,-1.000000000000000000e+00
8.000000000000000444e-01,-5.354922731804586666e-01
8.000000000000000444e-01,-1.342536297541352397e-01
8.000000000000000444e-01,5.770853994490356964e-01
4.400000000000000022e-01,0.000000000000000000e+00
8.000000000000000444e-01,-2.079735925178800571e-01
8.000000000000000444e-01,-2.019169832116357588e-01
8.000000000000000444e-01,6.971124093373269881e-01
8.000000000000000444e-01,0.000000000000000000e+00
4.400000000000000022e-01,0.000000000000000000e+00
4.400000000000000022e-01,0.000000000000000000e+00
4.400000000000000022e-01,8.381336405529953293e-01
8.000000000000000444e-01,-5.148005148005148079e-01
4.400000000000000022e-01,-1.000000000000000000e+00
4.400000000000000022e-01,6.468963818616301209e-01
4.400000000000000022e-01,9.672897196261682762e-01
4.400000000000000022e-01,-1.000000000000000000e+00
4.400000000000000022e-01,7.228255382832932119e-01
4.400000000000000022e-01,7.368113478894779966e-01
8.000000000000000444e-01,-3.628678085199821268e-02
4.400000000000000022e-01,0.000000000000000000e+00
8.000000000000000444e-01,1.000000000000000000e+00
3.499999999999999778e-01,1.000000000000000000e+00
3.499999999999999778e-01,1.000000000000000000e+00
3.499999999999999778e-01,1.000000000000000000e+00
4.400000000000000022e-01,0.000000000000000000e+00
4.400000000000000022e-01,4.943977591036414765e-01
3.499999999999999778e-01,1.000000000000000000e+00
3.499999999999999778e-01,1.000000000000000000e+00
3.499999999999999778e-01,1.000000000000000000e+00
3.499999999999999778e-01,1.000000000000000000e+00
3.499999999999999778e-01,1.000000000000000000e+00
3.499999999999999778e-01,1.000000000000000000e+00
3.499999999999999778e-01,1.000000000000000000e+00
3.499999999999999778e-01,1.000000000000000000e+00
3.499999999999999778e-01,1.000000000000000000e+00
3.499999999999999778e-01,1.000000000000000000e+00
3.499999999999999778e-01,1.000000000000000000e+00
3.499999999999999778e-01,1.000000000000000000e+00
3.499999999999999778e-01,1.000000000000000000e+00
3.499999999999999778e-01,1.000000000000000000e+00
3.499999999999999778e-01,1.000000000000000000e+00
3.499999999999999778e-01,1.000000000000000000e+00
3.499999999999999778e-01,1.000000000000000000e+00
3.499999999999999778e-01,1.000000000000000000e+00
3.499999999999999778e-01,1.000000000000000000e+00
3.499999999999999778e-01,1.000000000000000000e+00
3.499999999999999778e-01,1.000000000000000000e+00
4.400000000000000022e-01,0.000000000000000000e+00
3.499999999999999778e-01,1.000000000000000000e+00
4.400000000000000022e-01,0.000000000000000000e+00
4.400000000000000022e-01,0.000000000000000000e+00
8.000000000000000444e-01,5.281585081585081776e-01
3.499999999999999778e-01,1.000000000000000000e+00
4.400000000000000022e-01,0.000000000000000000e+00
8.000000000000000444e-01,4.667476800707025530e-01
4.400000000000000022e-01,0.000000000000000000e+00
3.499999999999999778e-01,1.000000000000000000e+00
4.400000000000000022e-01,0.000000000000000000e+00
4.400000000000000022e-01,0.000000000000000000e+00
4.400000000000000022e-01,0.000000000000000000e+00
3.499999999999999778e-01,1.000000000000000000e+00
4.400000000000000022e-01,0.000000000000000000e+00
4.400000000000000022e-01,0.000000000000000000e+00
8.000000000000000444e-01,6.781354876167829948e-01
4.400000000000000022e-01,6.936736019709088819e-01
4.400000000000000022e-01,8.071550712623792867e-01
4.400000000000000022e-01,7.729729729729729604e-01
4.400000000000000022e-01,7.895550527903468785e-01
4.400000000000000022e-01,0.000000000000000000e+00
4.400000000000000022e-01,-8.556701030927834628e-01
4.400000000000000022e-01,7.893654789654789283e-01
4.400000000000000022e-01,7.692307692307692735e-02
4.400000000000000022e-01,-6.744186046511627675e-01
4.400000000000000022e-01,0.000000000000000000e+00
4.400000000000000022e-01,0.000000000000000000e+00
4.400000000000000022e-01,0.000000000000000000e+00
4.400000000000000022e-01,0.000000000000000000e+00
4.400000000000000022e-01,0.000000000000000000e+00
4.400000000000000022e-01,0.000000000000000000e+00
4.400000000000000022e-01,0.000000000000000000e+00
4.400000000000000022e-01,0.000000000000000000e+00
4.400000000000000022e-01,0.000000000000000000e+00
4.400000000000000022e-01,0.000000000000000000e+00
4.400000000000000022e-01,0.000000000000000000e+00
4.400000000000000022e-01,0.000000000000000000e+00
4.400000000000000022e-01,0.000000000000000000e+00
4.400000000000000022e-01,0.000000000000000000e+00
4.400000000000000022e-01,0.000000000000000000e+00
4.400000000000000022e-01,0.000000000000000000e+00
4.400000000000000022e-01,0.000000000000000000e+00
4.400000000000000022e-01,0.000000000000000000e+00
4.400000000000000022e-01,0.000000000000000000e+00
4.400000000000000022e-01,0.000000000000000000e+00
4.400000000000000022e-01,0.000000000000000000e+00
4.400000000000000022e-01,0.000000000000000000e+00
4.400000000000000022e-01,0.000000000000000000e+00
4.400000000000000022e-01,0.000000000000000000e+00
4.400000000000000022e-01,0.000000000000000000e+00
4.400000000000000022e-01,0.000000000000000000e+00
4.400000000000000022e-01,0.000000000000000000e+00
4.400000000000000022e-01,0.000000000000000000e+00
4.400000000000000022e-01,0.000000000000000000e+00
4.400000000000000022e-01,0.000000000000000000e+00
4.400000000000000022e-01,0.000000000000000000e+00
4.400000000000000022e-01,0.000000000000000000e+00
1.000000000000000056e-01,-1.000000000000000000e+00
8.000000000000000444e-01,-1.295956664335997655e-01
1.000000000000000056e-01,8.773584905660377631e-01
1.000000000000000056e-01,-7.810019258970347655e-01
1.000000000000000056e-01,4.908103592314116970e-02
1.000000000000000056e-01,-5.054555153239348453e-02
1.000000000000000056e-01,4.351146369780511947e-03
1.000000000000000056e-01,9.852216748768471977e-02
1.000000000000000056e-01,-1.943134829689451282e-01
1.000000000000000056e-01,-2.815911127883390375e-01
1.000000000000000056e-01,6.518070314992986392e-01
1.000000000000000056e-01,-1.954935375806678977e-01
1.000000000000000056e-01,-2.921295609836681573e-01
1.000000000000000056e-01,-9.166666666666666297e-01
1.000000000000000056e-01,6.097310743629721363e-01
1.000000000000000056e-01,9.065721649484536071e-01
1.000000000000000056e-01,5.744547391606213971e-02
1.000000000000000056e-01,8.990125687324157511e-03
1.000000000000000056e-01,-1.227314990246031190e-02
1.000000000000000056e-01,-1.612154368336993215e-01
1.000000000000000056e-01,9.852066831636785427e-02
1.000000000000000056e-01,-1.521041715278317330e-01
1.000000000000000056e-01,-1.234533060348573796e-01
1.000000000000000056e-01,-2.790725012822726780e-01
1.000000000000000056e-01,-1.841316253596955166e-01
1.000000000000000056e-01,2.943546163338173205e-02
1.000000000000000056e-01,-1.152062849717006010e-02
1.000000000000000056e-01,1.609934702922743988e-02
1.000000000000000056e-01,8.872375476756919621e-01
1.000000000000000056e-01,0.000000000000000000e+00
1.000000000000000056e-01,0.000000000000000000e+00
1.000000000000000056e-01,-8.149346767808066661e-01
1.000000000000000056e-01,8.370836528588443404e-01
1.000000000000000056e-01,3.918450553545271831e-02
1.000000000000000056e-01,6.150486084733131076e-02
1.000000000000000056e-01,9.483803552769121126e-03
1.000000000000000056e-01,-7.655393106353328703e-01
1.000000000000000056e-01,-1.112840213649167742e-01
1.000000000000000056e-01,7.104910810694087253e-02
1.000000000000000056e-01,6.403318903318899746e-02
1.000000000000000056e-01,0.000000000000000000e+00
1.000000000000000056e-01,0.000000000000000000e+00
1.000000000000000056e-01,-3.297496214495976297e-02
1.000000000000000056e-01,-1.820546120546118196e-02
1.000000000000000056e-01,-3.823605162517640377e-02
1.000000000000000056e-01,-4.826357531398328682e-02
1.000000000000000056e-01,7.685928661029348685e-01
1.000000000000000056e-01,0.000000000000000000e+00
1.000000000000000056e-01,0.000000000000000000e+00
1.000000000000000056e-01,4.969084732725770337e-02
1.000000000000000056e-01,-6.747025584234889184e-02
1.000000000000000056e-01,-1.854511793990268886e-01
1.000000000000000056e-01,-1.594020562770562810e-01
1.000000000000000056e-01,-4.065934065934073693e-02
1.000000000000000056e-01,-1.898315152931195904e-01
1.000000000000000056e-01,-1.822657690926188234e-01
1.000000000000000056e-01,7.603305785123967153e-01
1.000000000000000056e-01,-5.093993080807801554e-02
1.000000000000000056e-01,0.000000000000000000e+00
1.000000000000000056e-01,0.000000000000000000e+00
1.000000000000000056e-01,4.573931318032209425e-02
1.000000000000000056e-01,2.087388441847151110e-01
1.000000000000000056e-01,-2.378479757790108451e-02
1.000000000000000056e-01,2.221200771701208332e-01
1.000000000000000056e-01,1.185696758442853493e-01
1.000000000000000056e-01,1.021870732171722418e-01
1.000000000000000056e-01,0.000000000000000000e+00
1.000000000000000056e-01,0.000000000000000000e+00
1.000000000000000056e-01,-9.113924050632911111e-01
1.000000000000000056e-01,-9.561965811965811302e-02
1.000000000000000056e-01,8.450704225352112520e-01
1.000000000000000056e-01,1.000000000000000000e+00
1.000000000000000056e-01,-1.000000000000000000e+00
1.000000000000000056e-01,0.000000000000000000e+00
1.000000000000000056e-01,0.000000000000000000e+00
1.000000000000000056e-01,-1.810616284300494705e-01
1.000000000000000056e-01,3.054240204240205037e-01
1.000000000000000056e-01,0.000000000000000000e+00
1.000000000000000056e-01,0.000000000000000000e+00
1.000000000000000056e-01,6.411735047583033698e-01
1.000000000000000056e-01,-1.000000000000000000e+00
1.000000000000000056e-01,0.000000000000000000e+00
1.000000000000000056e-01,0.000000000000000000e+00
1.000000000000000056e-01,1.000000000000000000e+00
1.000000000000000056e-01,1.988777886633580350e-01
1.000000000000000056e-01,1.971012858109632004e-01
1.000000000000000056e-01,-1.000000000000000000e+00
1.000000000000000056e-01,0.000000000000000000e+00
1.000000000000000056e-01,0.000000000000000000e+00
1.000000000000000056e-01,0.000000000000000000e+00
1.000000000000000056e-01,0.000000000000000000e+00
1.000000000000000056e-01,0.000000000000000000e+00
1.000000000000000056e-01,0.000000000000000000e+00
1.000000000000000056e-01,0.000000000000000000e+00
1.000000000000000056e-01,0.000000000000000000e+00
1.000000000000000056e-01,0.000000000000000000e+00
1.000000000000000056e-01,0.000000000000000000e+00
1.000000000000000056e-01,0.000000000000000000e+00
1.000000000000000056e-01,0.000000000000000000e+00
1.000000000000000056e-01,0.000000000000000000e+00
1.000000000000000056e-01,0.000000000000000000e+00
1.000000000000000056e-01,0.000000000000000000e+00
1.000000000000000056e-01,0.000000000000000000e+00
1.000000000000000056e-01,0.000000000000000000e+00
1.000000000000000056e-01,0.000000000000000000e+00
1.000000000000000056e-01,0.000000000000000000e+00
1.000000000000000056e-01,0.000000000000000000e+00
1.000000000000000056e-01,0.000000000000000000e+00
1.000000000000000056e-01,0.000000000000000000e+00
1.000000000000000056e-01,0.000000000000000000e+00
1.000000000000000056e-01,0.000000000000000000e+00
1.000000000000000056e-01,0.000000000000000000e+00
1.000000000000000056e-01,0.000000000000000000e+00
1.000000000000000056e-01,1.000000000000000000e+00
1.000000000000000056e-01,-1.000000000000000000e+00
1.000000000000000056e-01,1.000000000000000000e+00
1.000000000000000056e-01,0.000000000000000000e+00
1.000000000000000056e-01,-1.000000000000000000e+00
1.000000000000000056e-01,1.000000000000000000e+00
1.000000000000000056e-01,0.000000000000000000e+00
1.000000000000000056e-01,1.041456016177957355e-01
1.000000000000000056e-01,-1.000000000000000000e+00
1.000000000000000056e-01,1.000000000000000000e+00
1.000000000000000056e-01,0.000000000000000000e+00
1.000000000000000056e-01,6.282894736842105088e-01
1.000000000000000056e-01,-1.000000000000000000e+00
1.000000000000000056e-01,1.000000000000000000e+00
1.000000000000000056e-01,0.000000000000000000e+00
1.000000000000000056e-01,0.000000000000000000e+00
1.000000000000000056e-01,2.820518034137983188e-01
1.000000000000000056e-01,0.000000000000000000e+00
1.000000000000000056e-01,-1.000000000000000000e+00
1.000000000000000056e-01,1.000000000000000000e+00
1.000000000000000056e-01,1.000000000000000000e+00
1.000000000000000056e-01,0.000000000000000000e+00
1.000000000000000056e-01,-1.000000000000000000e+00
1.000000000000000056e-01,1.000000000000000000e+00
1.000000000000000056e-01,0.000000000000000000e+00
1.000000000000000056e-01,-1.000000000000000000e+00
1.000000000000000056e-01,1.000000000000000000e+00
1.000000000000000056e-01,-1.000000000000000000e+00
1.000000000000000056e-01,1.000000000000000000e+00
1.000000000000000056e-01,1.000000000000000000e+00
1.000000000000000056e-01,0.000000000000000000e+00
1.000000000000000056e-01,-1.000000000000000000e+00
1.000000000000000056e-01,-1.813105525006546426e-01
1.000000000000000056e-01,9.890572390572389960e-02
1.000000000000000056e-01,1.000000000000000000e+00
1.000000000000000056e-01,1.000000000000000000e+00
1.000000000000000056e-01,0.000000000000000000e+00
1.000000000000000056e-01,-8.748500881834214704e-01
1.000000000000000056e-01,0.000000000000000000e+00
1.000000000000000056e-01,1.000000000000000000e+00
1.000000000000000056e-01,0.000000000000000000e+00
1.000000000000000056e-01,2.050000000000000155e-01
1.000000000000000056e-01,0.000000000000000000e+00
1.000000000000000056e-01,1.000000000000000000e+00
1.000000000000000056e-01,0.000000000000000000e+00
1.000000000000000056e-01,0.000000000000000000e+00
1.000000000000000056e-01,3.680275839486251144e-01
1.000000000000000056e-01,0.000000000000000000e+00
1.000000000000000056e-01,0.000000000000000000e+00
1.000000000000000056e-01,0.000000000000000000e+00
1.000000000000000056e-01,1.217615318684743680e-01
1.000000000000000056e-01,0.000000000000000000e+00
1.000000000000000056e-01,7.032859011237350966e-02
1.000000000000000056e-01,1.000000000000000000e+00
1.000000000000000056e-01,0.000000000000000000e+00
1.000000000000000056e-01,1.341477854582693308e-01
1.000000000000000056e-01,0.000000000000000000e+00
1.000000000000000056e-01,7.692307692307692735e-02
1.000000000000000056e-01,1.000000000000000000e+00
1.000000000000000056e-01,0.000000000000000000e+00
1.000000000000000056e-01,1.650406504065040636e-01
1.000000000000000056e-01,1.000000000000000000e+00
1.000000000000000056e-01,1.000000000000000000e+00
1.000000000000000056e-01,0.000000000000000000e+00
1.000000000000000056e-01,1.000000000000000000e+00
1.000000000000000056e-01,0.000000000000000000e+00
1.000000000000000056e-01,-1.000000000000000000e+00
1.000000000000000056e-01,1.000000000000000000e+00
1.000000000000000056e-01,0.000000000000000000e+00
1.000000000000000056e-01,0.000000000000000000e+00
1.000000000000000056e-01,-1.000000000000000000e+00
1.000000000000000056e-01,1.000000000000000000e+00
1.000000000000000056e-01,1.000000000000000000e+00
1.000000000000000056e-01,0.000000000000000000e+00
1.000000000000000056e-01,-1.000000000000000000e+00
1.000000000000000056e-01,1.000000000000000000e+00
1.000000000000000056e-01,1.000000000000000000e+00
1.000000000000000056e-01,0.000000000000000000e+00
1.000000000000000056e-01,0.000000000000000000e+00
1.000000000000000056e-01,2.206697521197991119e-01
1.000000000000000056e-01,1.000000000000000000e+00
1.000000000000000056e-01,0.000000000000000000e+00
1.000000000000000056e-01,1.000000000000000000e+00
1.000000000000000056e-01,0.000000000000000000e+00
1.000000000000000056e-01,1.000000000000000000e+00
1.000000000000000056e-01,0.000000000000000000e+00
1.000000000000000056e-01,2.574261613573741725e-01
1.000000000000000056e-01,0.000000000000000000e+00
1.000000000000000056e-01,0.000000000000000000e+00
8.000000000000000444e-01,-1.000000000000000000e+00
3.499999999999999778e-01,1.000000000000000000e+00
3.499999999999999778e-01,1.000000000000000000e+00
3.499999999999999778e-01,1.000000000000000000e+00
3.499999999999999778e-01,1.000000000000000000e+00
3.499999999999999778e-01,1.000000000000000000e+00
3.499999999999999778e-01,1.000000000000000000e+00
3.499999999999999778e-01,1.000000000000000000e+00
3.499999999999999778e-01,1.000000000000000000e+00
3.499999999999999778e-01,1.000000000000000000e+00
3.499999999999999778e-01,1.000000000000000000e+00
3.499999999999999778e-01,1.000000000000000000e+00
4.400000000000000022e-01,0.000000000000000000e+00
4.400000000000000022e-01,0.000000000000000000e+00
3.499999999999999778e-01,1.000000000000000000e+00
4.400000000000000022e-01,0.000000000000000000e+00
4.400000000000000022e-01,0.000000000000000000e+00
4.400000000000000022e-01,0.000000000000000000e+00
3.499999999999999778e-01,1.000000000000000000e+00
4.400000000000000022e-01,0.000000000000000000e+00
8.000000000000000444e-01,5.926692316581622100e-01
4.400000000000000022e-01,0.000000000000000000e+00
4.400000000000000022e-01,0.000000000000000000e+00
8.000000000000000444e-01,6.251782838739360360e-01
8.000000000000000444e-01,-4.916804176142036686e-01
4.400000000000000022e-01,7.156419241796750930e-01
4.400000000000000022e-01,7.401799954431532713e-01
4.400000000000000022e-01,6.548438367706478358e-01
4.400000000000000022e-01,7.974710421883465239e-01
4.400000000000000022e-01,8.499461931665321934e-01
4.400000000000000022e-01,-4.060144215011463054e-02
4.400000000000000022e-01,-3.066142524905411948e-01
4.400000000000000022e-01,-3.110043091003211746e-02
4.400000000000000022e-01,7.539164261447395265e-02
4.400000000000000022e-01,0.000000000000000000e+00
4.400000000000000022e-01,0.000000000000000000e+00
4.400000000000000022e-01,0.000000000000000000e+00
4.400000000000000022e-01,0.000000000000000000e+00
4.400000000000000022e-01,0.000000000000000000e+00
4.400000000000000022e-01,0.000000000000000000e+00
4.400000000000000022e-01,0.000000000000000000e+00
4.400000000000000022e-01,0.000000000000000000e+00
4.400000000000000022e-01,0.000000000000000000e+00
4.400000000000000022e-01,0.000000000000000000e+00
4.400000000000000022e-01,0.000000000000000000e+00
4.400000000000000022e-01,0.000000000000000000e+00
4.400000000000000022e-01,0.000000000000000000e+00
4.400000000000000022e-01,0.000000000000000000e+00
4.400000000000000022e-01,0.000000000000000000e+00
4.400000000000000022e-01,0.000000000000000000e+00
4.400000000000000022e-01,0.000000000000000000e+00
4.400000000000000022e-01,0.000000000000000000e+00
4.400000000000000022e-01,0.000000000000000000e+00
4.400000000000000022e-01,0.000000000000000000e+00
4.400000000000000022e-01,0.000000000000000000e+00
4.400000000000000022e-01,0.000000000000000000e+00
4.400000000000000022e-01,0.000000000000000000e+00
4.400000000000000022e-01,0.000000000000000000e+00
4.400000000000000022e-01,0.000000000000000000e+00
4.400000000000000022e-01,0.000000000000000000e+00
4.400000000000000022e-01,0.000000000000000000e+00
4.400000000000000022e-01,0.000000000000000000e+00
4.400000000000000022e-01,0.000000000000000000e+00
4.400000000000000022e-01,0.000000000000000000e+00
4.400000000000000022e-01,0.000000000000000000e+00
4.400000000000000022e-01,0.000000000000000000e+00
4.400000000000000022e-01,-1.000000000000000000e+00
8.000000000000000444e-01,-1.562500000000000000e-01
8.000000000000000444e-01,-3.482704709790906961e-02
8.000000000000000444e-01,-9.389671361502347491e-01
8.000000000000000444e-01,6.719727447267114240e-01
8.000000000000000444e-01,7.394179894179894186e-01
8.000000000000000444e-01,-9.498552551711256786e-01
8.000000000000000444e-01,8.277777777777777235e-01
8.000000000000000444e-01,-2.706770047762694364e-01
8.000000000000000444e-01,-7.488575161696264804e-02
8.000000000000000444e-01,6.182717585907140379e-01
8.000000000000000444e-01,-8.899189954651187673e-02
4.400000000000000022e-01,8.618206833295115610e-01
8.000000000000000444e-01,-7.033738571155634389e-02
8.000000000000000444e-01,-5.622908295850060911e-01
4.400000000000000022e-01,8.236023681129305274e-01
4.400000000000000022e-01,5.255750477226986961e-01
4.400000000000000022e-01,0.000000000000000000e+00
8.000000000000000444e-01,-7.110463906802581002e-01
4.400000000000000022e-01,0.000000000000000000e+00
4.400000000000000022e-01,4.705882352941176405e-01
3.499999999999999778e-01,1.000000000000000000e+00
3.499999999999999778e-01,1.000000000000000000e+00
3.499999999999999778e-01,1.000000000000000000e+00
3.499999999999999778e-01,1.000000000000000000e+00
4.400000000000000022e-01,0.000000000000000000e+00
3.499999999999999778e-01,1.000000000000000000e+00
4.400000000000000022e-01,0.000000000000000000e+00
3.499999999999999778e-01,1.000000000000000000e+00
3.499999999999999778e-01,1.000000000000000000e+00
4.400000000000000022e-01,0.000000000000000000e+00
3.499999999999999778e-01,1.000000000000000000e+00
3.499999999999999778e-01,1.000000000000000000e+00
3.499999999999999778e-01,1.000000000000000000e+00
3.499999999999999778e-01,1.000000000000000000e+00
3.499999999999999778e-01,1.000000000000000000e+00
3.499999999999999778e-01,1.000000000000000000e+00
3.499999999999999778e-01,1.000000000000000000e+00
3.499999999999999778e-01,1.000000000000000000e+00
3.499999999999999778e-01,1.000000000000000000e+00
3.499999999999999778e-01,1.000000000000000000e+00
3.499999999999999778e-01,1.000000000000000000e+00
3.499999999999999778e-01,1.000000000000000000e+00
3.499999999999999778e-01,1.000000000000000000e+00
3.499999999999999778e-01,1.000000000000000000e+00
3.499999999999999778e-01,1.000000000000000000e+00
3.499999999999999778e-01,1.000000000000000000e+00
4.400000000000000022e-01,0.000000000000000000e+00
8.000000000000000444e-01,-1.592578397212543462e-01
4.400000000000000022e-01,0.000000000000000000e+00
4.400000000000000022e-01,0.000000000000000000e+00
4.400000000000000022e-01,0.000000000000000000e+00
4.400000000000000022e-01,0.000000000000000000e+00
4.400000000000000022e-01,0.000000000000000000e+00
4.400000000000000022e-01,0.000000000000000000e+00
4.400000000000000022e-01,0.000000000000000000e+00
4.400000000000000022e-01,0.000000000000000000e+00
4.400000000000000022e-01,0.000000000000000000e+00
4.400000000000000022e-01,0.000000000000000000e+00
4.400000000000000022e-01,0.000000000000000000e+00
4.400000000000000022e-01,0.000000000000000000e+00
1.000000000000000056e-01,-1.000000000000000000e+00
1.000000000000000056e-01,-1.000000000000000000e+00
1.000000000000000056e-01,0.000000000000000000e+00
1.000000000000000056e-01,-1.000000000000000000e+00
1.000000000000000056e-01,-1.000000000000000000e+00
1.000000000000000056e-01,0.000000000000000000e+00
1.000000000000000056e-01,-1.000000000000000000e+00
1.000000000000000056e-01,-1.000000000000000000e+00
1.000000000000000056e-01,0.000000000000000000e+00
1.000000000000000056e-01,-1.000000000000000000e+00
1.000000000000000056e-01,-1.000000000000000000e+00
1.000000000000000056e-01,0.000000000000000000e+00
1.000000000000000056e-01,-1.000000000000000000e+00
1.000000000000000056e-01,-1.000000000000000000e+00
1.000000000000000056e-01,0.000000000000000000e+00
1.000000000000000056e-01,-1.000000000000000000e+00
1.000000000000000056e-01,-1.000000000000000000e+00
1.000000000000000056e-01,0.000000000000000000e+00
1.000000000000000056e-01,-1.000000000000000000e+00
1.000000000000000056e-01,-1.000000000000000000e+00
1.000000000000000056e-01,0.000000000000000000e+00
1.000000000000000056e-01,-1.000000000000000000e+00
1.000000000000000056e-01,-1.000000000000000000e+00
1.000000000000000056e-01,0.000000000000000000e+00
8.000000000000000444e-01,-1.000000000000000000e+00
4.400000000000000022e-01,0.000000000000000000e+00
8.000000000000000444e-01,-1.000000000000000000e+00
3.499999999999999778e-01,1.000000000000000000e+00
3.499999999999999778e-01,1.000000000000000000e+00
4.400000000000000022e-01,0.000000000000000000e+00
3.499999999999999778e-01,1.000000000000000000e+00
3.499999999999999778e-01,1.000000000000000000e+00
4.400000000000000022e-01,0.000000000000000000e+00
3.499999999999999778e-01,1.000000000000000000e+00
3.499999999999999778e-01,1.000000000000000000e+00
3.499999999999999778e-01,1.000000000000000000e+00
3.499999999999999778e-01,1.000000000000000000e+00
3.499999999999999778e-01,1.000000000000000000e+00
3.499999999999999778e-01,1.000000000000000000e+00
3.499999999999999778e-01,1.000000000000000000e+00
3.499999999999999778e-01,1.000000000000000000e+00
3.499999999999999778e-01,1.000000000000000000e+00
3.499999999999999778e-01,1.000000000000000000e+00
3.499999999999999778e-01,1.000000000000000000e+00
3.499999999999999778e-01,1.000000000000000000e+00
3.499999999999999778e-01,1.000000000000000000e+00
3.499999999999999778e-01,1.000000000000000000e+00
3.499999999999999778e-01,1.000000000000000000e+00
3.499999999999999778e-01,1.000000000000000000e+00
4.400000000000000022e-01,0.000000000000000000e+00
3.499999999999999778e-01,1.000000000000000000e+00
4.400000000000000022e-01,0.000000000000000000e+00
4.400000000000000022e-01,0.000000000000000000e+00
3.499999999999999778e-01,1.000000000000000000e+00
4.400000000000000022e-01,0.000000000000000000e+00
4.400000000000000022e-01,0.000000000000000000e+00
4.400000000000000022e-01,0.000000000000000000e+00
3.499999999999999778e-01,1.000000000000000000e+00
4.400000000000000022e-01,0.000000000000000000e+00
4.400000000000000022e-01,0.000000000000000000e+00
4.400000000000000022e-01,0.000000000000000000e+00
3.499999999999999778e-01,1.000000000000000000e+00
4.400000000000000022e-01,0.000000000000000000e+00
4.400000000000000022e-01,0.000000000000000000e+00
8.000000000000000444e-01,6.410256410256410797e-01
8.000000000000000444e-01,7.242544126597687537e-01
8.000000000000000444e-01,7.272727272727272929e-01
8.000000000000000444e-01,-4.214060793008159722e-01
8.000000000000000444e-01,7.797418289616869780e-01
8.000000000000000444e-01,7.693452380952381375e-01
8.000000000000000444e-01,-1.755801824696943125e-01
8.000000000000000444e-01,-1.673739935050490013e-01
8.000000000000000444e-01,-1.525491718426501553e-01
8.000000000000000444e-01,8.838473205257835197e-01
8.000000000000000444e-01,-7.794755456022250950e-01
8.000000000000000444e-01,5.986086569551796188e-01
4.400000000000000022e-01,0.000000000000000000e+00
8.000000000000000444e-01,-8.399822753960340949e-01
8.000000000000000444e-01,7.332666812468106032e-01
8.000000000000000444e-01,-1.168414407230197183e-01
8.000000000000000444e-01,-9.120879120879120672e-01
4.400000000000000022e-01,0.000000000000000000e+00
8.000000000000000444e-01,9.732142857142856984e-01
8.000000000000000444e-01,9.428733525355670331e-02
8.000000000000000444e-01,-9.345903971091384932e-02
8.000000000000000444e-01,6.483704974271011778e-01
8.000000000000000444e-01,6.401553811229255819e-01
8.000000000000000444e-01,-1.816551607567752358e-01
8.000000000000000444e-01,-2.642734184936695874e-01
4.400000000000000022e-01,2.839352428393524530e-01
4.400000000000000022e-01,0.000000000000000000e+00
8.000000000000000444e-01,-8.548421910490877629e-02
8.000000000000000444e-01,3.335866261398177102e-01
8.000000000000000444e-01,1.000000000000000000e+00
3.499999999999999778e-01,1.000000000000000000e+00
3.499999999999999778e-01,1.000000000000000000e+00
3.499999999999999778e-01,1.000000000000000000e+00
3.499999999999999778e-01,1.000000000000000000e+00
4.400000000000000022e-01,0.000000000000000000e+00
4.400000000000000022e-01,2.255434782608695676e-01
3.499999999999999778e-01,1.000000000000000000e+00
3.499999999999999778e-01,1.000000000000000000e+00
3.499999999999999778e-01,1.000000000000000000e+00
3.499999999999999778e-01,1.000000000000000000e+00
3.499999999999999778e-01,1.000000000000000000e+00
3.499999999999999778e-01,1.000000000000000000e+00
3.499999999999999778e-01,1.000000000000000000e+00
3.499999999999999778e-01,1.000000000000000000e+00
3.499999999999999778e-01,1.000000000000000000e+00
3.499999999999999778e-01,1.000000000000000000e+00
3.499999999999999778e-01,1.000000000000000000e+00
3.499999999999999778e-01,1.000000000000000000e+00
3.499999999999999778e-01,1.000000000000000000e+00
3.499999999999999778e-01,1.000000000000000000e+00
3.499999999999999778e-01,1.000000000000000000e+00
3.499999999999999778e-01,1.000000000000000000e+00
3.499999999999999778e-01,1.000000000000000000e+00
3.499999999999999778e-01,1.000000000000000000e+00
3.499999999999999778e-01,1.000000000000000000e+00
4.400000000000000022e-01,0.000000000000000000e+00
8.000000000000000444e-01,3.713787228179590838e-01
3.499999999999999778e-01,1.000000000000000000e+00
3.499999999999999778e-01,1.000000000000000000e+00
4.400000000000000022e-01,0.000000000000000000e+00
4.400000000000000022e-01,0.000000000000000000e+00
3.499999999999999778e-01,1.000000000000000000e+00
4.400000000000000022e-01,0.000000000000000000e+00
4.400000000000000022e-01,0.000000000000000000e+00
3.499999999999999778e-01,1.000000000000000000e+00
4.400000000000000022e-01,0.000000000000000000e+00
4.400000000000000022e-01,0.000000000000000000e+00
4.400000000000000022e-01,0.000000000000000000e+00
4.400000000000000022e-01,0.000000000000000000e+00
3.499999999999999778e-01,1.000000000000000000e+00
4.400000000000000022e-01,0.000000000000000000e+00
8.000000000000000444e-01,6.200462608192967018e-01
8.000000000000000444e-01,0.000000000000000000e+00
4.400000000000000022e-01,0.000000000000000000e+00
