4.400000000000000022e-01,1.000000000000000000e+00
4.400000000000000022e-01,5.324572093750624679e-01
4.400000000000000022e-01,0.000000000000000000e+00
4.400000000000000022e-01,-1.000000000000000000e+00
4.400000000000000022e-01,-1.000000000000000000e+00
3.499999999999999778e-01,1.000000000000000000e+00
4.400000000000000022e-01,5.091033803794352552e-01
3.499999999999999778e-01,1.000000000000000000e+00
3.499999999999999778e-01,1.000000000000000000e+00
3.499999999999999778e-01,1.000000000000000000e+00
3.499999999999999778e-01,1.000000000000000000e+00
3.499999999999999778e-01,1.000000000000000000e+00
3.499999999999999778e-01,1.000000000000000000e+00
3.499999999999999778e-01,1.000000000000000000e+00
4.400000000000000022e-01,0.000000000000000000e+00
4.400000000000000022e-01,0.000000000000000000e+00
4.400000000000000022e-01,0.000000000000000000e+00
4.400000000000000022e-01,0.000000000000000000e+00
4.400000000000000022e-01,0.000000000000000000e+00
4.400000000000000022e-01,0.000000000000000000e+00
4.400000000000000022e-01,0.000000000000000000e+00
4.400000000000000022e-01,0.000000000000000000e+00
4.400000000000000022e-01,0.000000000000000000e+00
4.400000000000000022e-01,0.000000000000000000e+00
4.400000000000000022e-01,0.000000000000000000e+00
4.400000000000000022e-01,0.000000000000000000e+00
4.400000000000000022e-01,0.000000000000000000e+00
4.400000000000000022e-01,0.000000000000000000e+00
4.400000000000000022e-01,0.000000000000000000e+00
4.400000000000000022e-01,0.000000000000000000e+00
1.000000000000000056e-01,-1.000000000000000000e+00
1.000000000000000056e-01,-1.000000000000000000e+00
1.000000000000000056e-01,0.000000000000000000e+00
1.000000000000000056e-01,-1.000000000000000000e+00
1.000000000000000056e-01,-1.000000000000000000e+00
1.000000000000000056e-01,0.000000000000000000e+00
1.000000000000000056e-01,-1.000000000000000000e+00
1.000000000000000056e-01,-1.000000000000000000e+00
1.000000000000000056e-01,0.000000000000000000e+00
1.000000000000000056e-01,-1.000000000000000000e+00
1.000000000000000056e-01,-1.000000000000000000e+00
1.000000000000000056e-01,0.000000000000000000e+00
1.000000000000000056e-01,-1.000000000000000000e+00
1.000000000000000056e-01,-1.000000000000000000e+00
1.000000000000000056e-01,0.000000000000000000e+00
1.000000000000000056e-01,-1.000000000000000000e+00
1.000000000000000056e-01,-1.000000000000000000e+00
1.000000000000000056e-01,0.000000000000000000e+00
1.000000000000000056e-01,-1.000000000000000000e+00
1.000000000000000056e-01,-1.000000000000000000e+00
1.000000000000000056e-01,0.000000000000000000e+00
1.000000000000000056e-01,-1.000000000000000000e+00
1.000000000000000056e-01,-1.000000000000000000e+00
1.000000000000000056e-01,0.000000000000000000e+00
1.000000000000000056e-01,-1.000000000000000000e+00
1.000000000000000056e-01,-1.000000000000000000e+00
1.000000000000000056e-01,0.000000000000000000e+00
1.000000000000000056e-01,-1.000000000000000000e+00
1.000000000000000056e-01,-1.000000000000000000e+00
1.000000000000000056e-01,0.000000000000000000e+00
1.000000000000000056e-01,-1.000000000000000000e+00
1.000000000000000056e-01,-1.000000000000000000e+00
1.000000000000000056e-01,0.000000000000000000e+00
1.000000000000000056e-01,-1.000000000000000000e+00
1.000000000000000056e-01,-1.000000000000000000e+00
1.000000000000000056e-01,0.000000000000000000e+00
1.000000000000000056e-01,-1.000000000000000000e+00
1.000000000000000056e-01,-1.000000000000000000e+00
1.000000000000000056e-01,0.000000000000000000e+00
1.000000000000000056e-01,-1.000000000000000000e+00
1.000000000000000056e-01,-1.000000000000000000e+00
1.000000000000000056e-01,0.000000000000000000e+00
1.000000000000000056e-01,-1.000000000000000000e+00
1.000000000000000056e-01,-1.000000000000000000e+00
1.000000000000000056e-01,0.000000000000000000e+00
1.000000000000000056e-01,-1.000000000000000000e+00
1.000000000000000056e-01,-1.000000000000000000e+00
1.000000000000000056e-01,0.000000000000000000e+00
-4.400000000000000022e-01,1.000000000000000000e+00
-4.400000000000000022e-01,1.000000000000000000e+00
-4.400000000000000022e-01,1.000000000000000000e+00
-4.400000000000000022e-01,1.000000000000000000e+00
-4.400000000000000022e-01,1.000000000000000000e+00
-4.400000000000000022e-01,1.000000000000000000e+00
-4.400000000000000022e-01,1.000000000000000000e+00
-4.400000000000000022e-01,1.000000000000000000e+00
-4.400000000000000022e-01,1.000000000000000000e+00
-4.400000000000000022e-01,1.000000000000000000e+00
-4.400000000000000022e-01,1.000000000000000000e+00
-4.400000000000000022e-01,1.000000000000000000e+00
1.000000000000000056e-01,1.000000000000000000e+00
1.000000000000000056e-01,1.000000000000000000e+00
1.000000000000000056e-01,1.000000000000000000e+00
1.000000000000000056e-01,1.000000000000000000e+00
1.000000000000000056e-01,1.000000000000000000e+00
1.000000000000000056e-01,1.000000000000000000e+00
1.000000000000000056e-01,1.000000000000000000e+00
1.000000000000000056e-01,1.000000000000000000e+00
8.000000000000000444e-01,1.000000000000000000e+00
3.499999999999999778e-01,1.000000000000000000e+00
4.400000000000000022e-01,0.000000000000000000e+00
3.499999999999999778e-01,1.000000000000000000e+00
3.499999999999999778e-01,1.000000000000000000e+00
3.499999999999999778e-01,1.000000000000000000e+00
3.499999999999999778e-01,1.000000000000000000e+00
3.499999999999999778e-01,1.000000000000000000e+00
4.400000000000000022e-01,0.000000000000000000e+00
4.400000000000000022e-01,0.000000000000000000e+00
4.400000000000000022e-01,0.000000000000000000e+00
4.400000000000000022e-01,0.000000000000000000e+00
4.400000000000000022e-01,0.000000000000000000e+00
4.400000000000000022e-01,0.000000000000000000e+00
4.400000000000000022e-01,0.000000000000000000e+00
4.400000000000000022e-01,0.000000000000000000e+00
4.400000000000000022e-01,0.000000000000000000e+00
4.400000000000000022e-01,0.000000000000000000e+00
4.400000000000000022e-01,0.000000000000000000e+00
4.400000000000000022e-01,0.000000000000000000e+00
4.400000000000000022e-01,0.000000000000000000e+00
4.400000000000000022e-01,0.000000000000000000e+00
4.400000000000000022e-01,0.000000000000000000e+00
4.400000000000000022e-01,0.000000000000000000e+00
1.000000000000000056e-01,-1.000000000000000000e+00
1.000000000000000056e-01,-1.000000000000000000e+00
1.000000000000000056e-01,0.000000000000000000e+00
1.000000000000000056e-01,-1.000000000000000000e+00
1.000000000000000056e-01,-1.000000000000000000e+00
1.000000000000000056e-01,0.000000000000000000e+00
1.000000000000000056e-01,-1.000000000000000000e+00
1.000000000000000056e-01,-1.000000000000000000e+00
1.000000000000000056e-01,0.000000000000000000e+00
1.000000000000000056e-01,-1.000000000000000000e+00
1.000000000000000056e-01,-1.000000000000000000e+00
1.000000000000000056e-01,0.000000000000000000e+00
1.000000000000000056e-01,-1.000000000000000000e+00
1.000000000000000056e-01,-1.000000000000000000e+00
1.000000000000000056e-01,0.000000000000000000e+00
1.000000000000000056e-01,-1.000000000000000000e+00
1.000000000000000056e-01,-1.000000000000000000e+00
1.000000000000000056e-01,0.000000000000000000e+00
1.000000000000000056e-01,-1.000000000000000000e+00
1.000000000000000056e-01,-1.000000000000000000e+00
1.000000000000000056e-01,0.000000000000000000e+00
1.000000000000000056e-01,-1.000000000000000000e+00
1.000000000000000056e-01,-1.000000000000000000e+00
1.000000000000000056e-01,0.000000000000000000e+00
1.000000000000000056e-01,-1.000000000000000000e+00
1.000000000000000056e-01,-1.000000000000000000e+00
1.000000000000000056e-01,0.000000000000000000e+00
1.000000000000000056e-01,-1.000000000000000000e+00
1.000000000000000056e-01,-1.000000000000000000e+00
1.000000000000000056e-01,0.000000000000000000e+00
1.000000000000000056e-01,-1.000000000000000000e+00
1.000000000000000056e-01,-1.000000000000000000e+00
1.000000000000000056e-01,0.000000000000000000e+00
1.000000000000000056e-01,-1.000000000000000000e+00
1.000000000000000056e-01,-1.000000000000000000e+00
1.000000000000000056e-01,0.000000000000000000e+00
1.000000000000000056e-01,-1.000000000000000000e+00
1.000000000000000056e-01,-1.000000000000000000e+00
1.000000000000000056e-01,0.000000000000000000e+00
1.000000000000000056e-01,-1.000000000000000000e+00
1.000000000000000056e-01,-1.000000000000000000e+00
1.000000000000000056e-01,0.000000000000000000e+00
1.000000000000000056e-01,-1.000000000000000000e+00
1.000000000000000056e-01,-1.000000000000000000e+00
1.000000000000000056e-01,0.000000000000000000e+00
1.000000000000000056e-01,-1.000000000000000000e+00
1.000000000000000056e-01,-1.000000000000000000e+00
1.000000000000000056e-01,0.000000000000000000e+00
-4.400000000000000022e-01,1.000000000000000000e+00
-4.400000000000000022e-01,1.000000000000000000e+00
-4.400000000000000022e-01,1.000000000000000000e+00
-4.400000000000000022e-01,1.000000000000000000e+00
-4.400000000000000022e-01,1.000000000000000000e+00
-4.400000000000000022e-01,1.000000000000000000e+00
4.400000000000000022e-01,-1.000000000000000000e+00
4.400000000000000022e-01,3.914450541719431409e-01
4.400000000000000022e-01,0.000000000000000000e+00
4.400000000000000022e-01,0.000000000000000000e+00
4.400000000000000022e-01,0.000000000000000000e+00
4.400000000000000022e-01,-1.000000000000000000e+00
-4.400000000000000022e-01,1.000000000000000000e+00
-4.400000000000000022e-01,1.000000000000000000e+00
-4.400000000000000022e-01,1.000000000000000000e+00
-4.400000000000000022e-01,1.000000000000000000e+00
-4.400000000000000022e-01,1.000000000000000000e+00
-4.400000000000000022e-01,1.000000000000000000e+00
4.400000000000000022e-01,0.000000000000000000e+00
4.400000000000000022e-01,-1.000000000000000000e+00
4.400000000000000022e-01,-1.000000000000000000e+00
4.400000000000000022e-01,-1.000000000000000000e+00
4.400000000000000022e-01,1.176470588235294101e-01
4.400000000000000022e-01,0.000000000000000000e+00
4.400000000000000022e-01,0.000000000000000000e+00
4.400000000000000022e-01,-1.000000000000000000e+00
4.400000000000000022e-01,9.900990099009901457e-02
3.499999999999999778e-01,1.000000000000000000e+00
3.499999999999999778e-01,1.000000000000000000e+00
3.499999999999999778e-01,1.000000000000000000e+00
3.499999999999999778e-01,1.000000000000000000e+00
3.499999999999999778e-01,1.000000000000000000e+00
4.400000000000000022e-01,0.000000000000000000e+00
3.499999999999999778e-01,1.000000000000000000e+00
3.499999999999999778e-01,1.000000000000000000e+00
4.400000000000000022e-01,0.000000000000000000e+00
-4.400000000000000022e-01,1.000000000000000000e+00
-4.400000000000000022e-01,1.000000000000000000e+00
-4.400000000000000022e-01,1.000000000000000000e+00
-4.400000000000000022e-01,1.000000000000000000e+00
-4.400000000000000022e-01,1.000000000000000000e+00
-4.400000000000000022e-01,1.000000000000000000e+00
1.000000000000000056e-01,1.000000000000000000e+00
1.000000000000000056e-01,1.000000000000000000e+00
1.000000000000000056e-01,1.000000000000000000e+00
1.000000000000000056e-01,1.000000000000000000e+00
1.000000000000000056e-01,1.000000000000000000e+00
1.000000000000000056e-01,1.000000000000000000e+00
1.000000000000000056e-01,1.000000000000000000e+00
1.000000000000000056e-01,1.000000000000000000e+00
1.000000000000000056e-01,1.000000000000000000e+00
1.000000000000000056e-01,1.000000000000000000e+00
1.000000000000000056e-01,1.000000000000000000e+00
1.000000000000000056e-01,1.000000000000000000e+00
1.000000000000000056e-01,1.000000000000000000e+00
1.000000000000000056e-01,1.000000000000000000e+00
1.000000000000000056e-01,1.000000000000000000e+00
1.000000000000000056e-01,1.000000000000000000e+00
1.000000000000000056e-01,1.000000000000000000e+00
1.000000000000000056e-01,1.000000000000000000e+00
1.000000000000000056e-01,1.000000000000000000e+00
1.000000000000000056e-01,1.000000000000000000e+00
1.000000000000000056e-01,1.000000000000000000e+00
1.000000000000000056e-01,1.000000000000000000e+00
1.000000000000000056e-01,1.000000000000000000e+00
1.000000000000000056e-01,1.000000000000000000e+00
1.000000000000000056e-01,1.000000000000000000e+00
1.000000000000000056e-01,1.000000000000000000e+00
1.000000000000000056e-01,1.000000000000000000e+00
1.000000000000000056e-01,1.000000000000000000e+00
1.000000000000000056e-01,1.000000000000000000e+00
1.000000000000000056e-01,1.000000000000000000e+00
1.000000000000000056e-01,1.000000000000000000e+00
1.000000000000000056e-01,1.000000000000000000e+00
1.000000000000000056e-01,1.000000000000000000e+00
1.000000000000000056e-01,1.000000000000000000e+00
1.000000000000000056e-01,1.000000000000000000e+00
1.000000000000000056e-01,1.000000000000000000e+00
1.000000000000000056e-01,1.000000000000000000e+00
1.000000000000000056e-01,1.000000000000000000e+00
1.000000000000000056e-01,1.000000000000000000e+00
1.000000000000000056e-01,1.000000000000000000e+00
1.000000000000000056e-01,1.000000000000000000e+00
1.000000000000000056e-01,1.000000000000000000e+00
1.000000000000000056e-01,1.000000000000000000e+00
1.000000000000000056e-01,1.000000000000000000e+00
1.000000000000000056e-01,1.000000000000000000e+00
1.000000000000000056e-01,1.000000000000000000e+00
1.000000000000000056e-01,1.000000000000000000e+00
1.000000000000000056e-01,1.000000000000000000e+00
1.000000000000000056e-01,1.000000000000000000e+00
1.000000000000000056e-01,1.000000000000000000e+00
1.000000000000000056e-01,0.000000000000000000e+00
1.000000000000000056e-01,1.000000000000000000e+00
1.000000000000000056e-01,1.000000000000000000e+00
1.000000000000000056e-01,0.000000000000000000e+00
1.000000000000000056e-01,0.000000000000000000e+00
1.000000000000000056e-01,0.000000000000000000e+00
1.000000000000000056e-01,1.000000000000000000e+00
1.000000000000000056e-01,0.000000000000000000e+00
1.000000000000000056e-01,0.000000000000000000e+00
1.000000000000000056e-01,0.000000000000000000e+00
1.000000000000000056e-01,1.000000000000000000e+00
1.000000000000000056e-01,0.000000000000000000e+00
1.000000000000000056e-01,0.000000000000000000e+00
1.000000000000000056e-01,1.000000000000000000e+00
1.000000000000000056e-01,5.084745762711864736e-02
1.000000000000000056e-01,1.000000000000000000e+00
1.000000000000000056e-01,1.000000000000000000e+00
1.000000000000000056e-01,1.000000000000000000e+00
1.000000000000000056e-01,1.000000000000000000e+00
1.000000000000000056e-01,1.000000000000000000e+00
1.000000000000000056e-01,1.000000000000000000e+00
1.000000000000000056e-01,1.000000000000000000e+00
1.000000000000000056e-01,1.000000000000000000e+00
1.000000000000000056e-01,1.000000000000000000e+00
1.000000000000000056e-01,1.000000000000000000e+00
1.000000000000000056e-01,1.000000000000000000e+00
1.000000000000000056e-01,1.000000000000000000e+00
1.000000000000000056e-01,1.000000000000000000e+00
1.000000000000000056e-01,1.000000000000000000e+00
1.000000000000000056e-01,1.000000000000000000e+00
1.000000000000000056e-01,1.000000000000000000e+00
1.000000000000000056e-01,1.000000000000000000e+00
1.000000000000000056e-01,1.000000000000000000e+00
1.000000000000000056e-01,1.000000000000000000e+00
1.000000000000000056e-01,1.000000000000000000e+00
1.000000000000000056e-01,1.000000000000000000e+00
1.000000000000000056e-01,1.000000000000000000e+00
1.000000000000000056e-01,1.000000000000000000e+00
1.000000000000000056e-01,1.000000000000000000e+00
1.000000000000000056e-01,1.000000000000000000e+00
1.000000000000000056e-01,1.000000000000000000e+00
1.000000000000000056e-01,1.000000000000000000e+00
1.000000000000000056e-01,1.000000000000000000e+00
1.000000000000000056e-01,1.000000000000000000e+00
1.000000000000000056e-01,1.000000000000000000e+00
1.000000000000000056e-01,1.000000000000000000e+00
1.000000000000000056e-01,1.000000000000000000e+00
1.000000000000000056e-01,1.000000000000000000e+00
1.000000000000000056e-01,1.000000000000000000e+00
1.000000000000000056e-01,1.000000000000000000e+00
-1.000000000000000056e-01,1.000000000000000000e+00
-1.000000000000000056e-01,1.000000000000000000e+00
-1.000000000000000056e-01,1.000000000000000000e+00
-1.000000000000000056e-01,1.000000000000000000e+00
-1.000000000000000056e-01,1.000000000000000000e+00
-1.000000000000000056e-01,1.000000000000000000e+00
-1.000000000000000056e-01,1.000000000000000000e+00
-1.000000000000000056e-01,1.000000000000000000e+00
-1.000000000000000056e-01,1.000000000000000000e+00
-1.000000000000000056e-01,1.000000000000000000e+00
-1.000000000000000056e-01,1.000000000000000000e+00
-1.000000000000000056e-01,1.000000000000000000e+00
1.000000000000000056e-01,1.000000000000000000e+00
1.000000000000000056e-01,1.000000000000000000e+00
1.000000000000000056e-01,1.000000000000000000e+00
1.000000000000000056e-01,1.000000000000000000e+00
1.000000000000000056e-01,1.000000000000000000e+00
1.000000000000000056e-01,1.000000000000000000e+00
-1.000000000000000056e-01,1.000000000000000000e+00
-1.000000000000000056e-01,1.000000000000000000e+00
-1.000000000000000056e-01,1.000000000000000000e+00
-1.000000000000000056e-01,1.000000000000000000e+00
-1.000000000000000056e-01,1.000000000000000000e+00
-1.000000000000000056e-01,1.000000000000000000e+00
1.000000000000000056e-01,0.000000000000000000e+00
1.000000000000000056e-01,-1.000000000000000000e+00
1.000000000000000056e-01,3.175438596491228505e-01
1.000000000000000056e-01,0.000000000000000000e+00
1.000000000000000056e-01,6.500000000000000222e-01
1.000000000000000056e-01,4.177782324058920138e-01
1.000000000000000056e-01,0.000000000000000000e+00
1.000000000000000056e-01,0.000000000000000000e+00
1.000000000000000056e-01,0.000000000000000000e+00
1.000000000000000056e-01,0.000000000000000000e+00
1.000000000000000056e-01,0.000000000000000000e+00
1.000000000000000056e-01,0.000000000000000000e+00
1.000000000000000056e-01,0.000000000000000000e+00
1.000000000000000056e-01,0.000000000000000000e+00
1.000000000000000056e-01,-1.000000000000000000e+00
-1.000000000000000056e-01,1.000000000000000000e+00
-1.000000000000000056e-01,1.000000000000000000e+00
-1.000000000000000056e-01,1.000000000000000000e+00
-1.000000000000000056e-01,1.000000000000000000e+00
-1.000000000000000056e-01,1.000000000000000000e+00
-1.000000000000000056e-01,1.000000000000000000e+00
1.000000000000000056e-01,-1.000000000000000000e+00
1.000000000000000056e-01,-1.000000000000000000e+00
1.000000000000000056e-01,-1.000000000000000000e+00
1.000000000000000056e-01,-1.000000000000000000e+00
1.000000000000000056e-01,0.000000000000000000e+00
1.000000000000000056e-01,-1.000000000000000000e+00
1.000000000000000056e-01,6.896551724137931494e-01
1.000000000000000056e-01,-1.000000000000000000e+00
-1.000000000000000056e-01,1.000000000000000000e+00
-1.000000000000000056e-01,1.000000000000000000e+00
-1.000000000000000056e-01,1.000000000000000000e+00
-1.000000000000000056e-01,1.000000000000000000e+00
-1.000000000000000056e-01,1.000000000000000000e+00
-1.000000000000000056e-01,1.000000000000000000e+00
1.000000000000000056e-01,0.000000000000000000e+00
1.000000000000000056e-01,-1.000000000000000000e+00
1.000000000000000056e-01,-1.000000000000000000e+00
1.000000000000000056e-01,-1.000000000000000000e+00
1.000000000000000056e-01,-1.000000000000000000e+00
1.000000000000000056e-01,-1.000000000000000000e+00
1.000000000000000056e-01,-1.000000000000000000e+00
-1.000000000000000056e-01,1.000000000000000000e+00
-1.000000000000000056e-01,1.000000000000000000e+00
-1.000000000000000056e-01,1.000000000000000000e+00
-1.000000000000000056e-01,1.000000000000000000e+00
-1.000000000000000056e-01,1.000000000000000000e+00
-1.000000000000000056e-01,1.000000000000000000e+00
1.000000000000000056e-01,-1.000000000000000000e+00
1.000000000000000056e-01,-1.000000000000000000e+00
1.000000000000000056e-01,-1.000000000000000000e+00
1.000000000000000056e-01,-1.000000000000000000e+00
1.000000000000000056e-01,-1.000000000000000000e+00
1.000000000000000056e-01,-1.000000000000000000e+00
-1.000000000000000056e-01,1.000000000000000000e+00
-1.000000000000000056e-01,1.000000000000000000e+00
-1.000000000000000056e-01,1.000000000000000000e+00
-1.000000000000000056e-01,1.000000000000000000e+00
-1.000000000000000056e-01,1.000000000000000000e+00
-1.000000000000000056e-01,1.000000000000000000e+00
1.000000000000000056e-01,-1.000000000000000000e+00
1.000000000000000056e-01,-1.000000000000000000e+00
1.000000000000000056e-01,-1.000000000000000000e+00
1.000000000000000056e-01,-1.000000000000000000e+00
1.000000000000000056e-01,-1.000000000000000000e+00
1.000000000000000056e-01,-1.000000000000000000e+00
-1.000000000000000056e-01,1.000000000000000000e+00
-1.000000000000000056e-01,1.000000000000000000e+00
-1.000000000000000056e-01,1.000000000000000000e+00
-1.000000000000000056e-01,1.000000000000000000e+00
-1.000000000000000056e-01,1.000000000000000000e+00
-1.000000000000000056e-01,1.000000000000000000e+00
1.000000000000000056e-01,-1.000000000000000000e+00
1.000000000000000056e-01,-1.000000000000000000e+00
1.000000000000000056e-01,-1.000000000000000000e+00
1.000000000000000056e-01,-1.000000000000000000e+00
1.000000000000000056e-01,-1.000000000000000000e+00
1.000000000000000056e-01,-1.000000000000000000e+00
-1.000000000000000056e-01,1.000000000000000000e+00
-1.000000000000000056e-01,1.000000000000000000e+00
-1.000000000000000056e-01,1.000000000000000000e+00
-1.000000000000000056e-01,1.000000000000000000e+00
-1.000000000000000056e-01,1.000000000000000000e+00
-1.000000000000000056e-01,1.000000000000000000e+00
1.000000000000000056e-01,-1.000000000000000000e+00
1.000000000000000056e-01,-1.000000000000000000e+00
1.000000000000000056e-01,-1.000000000000000000e+00
1.000000000000000056e-01,-1.000000000000000000e+00
1.000000000000000056e-01,-1.000000000000000000e+00
1.000000000000000056e-01,-1.000000000000000000e+00
-1.000000000000000056e-01,1.000000000000000000e+00
-1.000000000000000056e-01,1.000000000000000000e+00
-1.000000000000000056e-01,1.000000000000000000e+00
-1.000000000000000056e-01,1.000000000000000000e+00
-1.000000000000000056e-01,1.000000000000000000e+00
-1.000000000000000056e-01,1.000000000000000000e+00
1.000000000000000056e-01,-1.000000000000000000e+00
1.000000000000000056e-01,-1.000000000000000000e+00
1.000000000000000056e-01,-1.000000000000000000e+00
1.000000000000000056e-01,-1.000000000000000000e+00
1.000000000000000056e-01,-1.000000000000000000e+00
1.000000000000000056e-01,-1.000000000000000000e+00
-1.000000000000000056e-01,1.000000000000000000e+00
-1.000000000000000056e-01,1.000000000000000000e+00
-1.000000000000000056e-01,1.000000000000000000e+00
-1.000000000000000056e-01,1.000000000000000000e+00
-1.000000000000000056e-01,1.000000000000000000e+00
-1.000000000000000056e-01,1.000000000000000000e+00
1.000000000000000056e-01,-1.000000000000000000e+00
1.000000000000000056e-01,-1.000000000000000000e+00
1.000000000000000056e-01,-1.000000000000000000e+00
1.000000000000000056e-01,-1.000000000000000000e+00
1.000000000000000056e-01,-1.000000000000000000e+00
1.000000000000000056e-01,-1.000000000000000000e+00
-1.000000000000000056e-01,1.000000000000000000e+00
-1.000000000000000056e-01,1.000000000000000000e+00
-1.000000000000000056e-01,1.000000000000000000e+00
-1.000000000000000056e-01,1.000000000000000000e+00
-1.000000000000000056e-01,1.000000000000000000e+00
-1.000000000000000056e-01,1.000000000000000000e+00
1.000000000000000056e-01,-1.000000000000000000e+00
1.000000000000000056e-01,-1.000000000000000000e+00
1.000000000000000056e-01,-1.000000000000000000e+00
1.000000000000000056e-01,-1.000000000000000000e+00
1.000000000000000056e-01,-1.000000000000000000e+00
1.000000000000000056e-01,-1.000000000000000000e+00
-1.000000000000000056e-01,1.000000000000000000e+00
-1.000000000000000056e-01,1.000000000000000000e+00
-1.000000000000000056e-01,1.000000000000000000e+00
-1.000000000000000056e-01,1.000000000000000000e+00
-1.000000000000000056e-01,1.000000000000000000e+00
-1.000000000000000056e-01,1.000000000000000000e+00
1.000000000000000056e-01,-1.000000000000000000e+00
1.000000000000000056e-01,-1.000000000000000000e+00
1.000000000000000056e-01,-1.000000000000000000e+00
1.000000000000000056e-01,-1.000000000000000000e+00
1.000000000000000056e-01,-1.000000000000000000e+00
1.000000000000000056e-01,-1.000000000000000000e+00
-1.000000000000000056e-01,1.000000000000000000e+00
-1.000000000000000056e-01,1.000000000000000000e+00
-1.000000000000000056e-01,1.000000000000000000e+00
-1.000000000000000056e-01,1.000000000000000000e+00
-1.000000000000000056e-01,1.000000000000000000e+00
-1.000000000000000056e-01,1.000000000000000000e+00
1.000000000000000056e-01,-1.000000000000000000e+00
1.000000000000000056e-01,-1.000000000000000000e+00
1.000000000000000056e-01,-1.000000000000000000e+00
1.000000000000000056e-01,-1.000000000000000000e+00
1.000000000000000056e-01,-1.000000000000000000e+00
1.000000000000000056e-01,-1.000000000000000000e+00
-1.000000000000000056e-01,1.000000000000000000e+00
-1.000000000000000056e-01,1.000000000000000000e+00
-1.000000000000000056e-01,1.000000000000000000e+00
-1.000000000000000056e-01,1.000000000000000000e+00
-1.000000000000000056e-01,1.000000000000000000e+00
-1.000000000000000056e-01,1.000000000000000000e+00
1.000000000000000056e-01,-1.000000000000000000e+00
1.000000000000000056e-01,-1.000000000000000000e+00
1.000000000000000056e-01,-1.000000000000000000e+00
1.000000000000000056e-01,-1.000000000000000000e+00
1.000000000000000056e-01,-1.000000000000000000e+00
1.000000000000000056e-01,-1.000000000000000000e+00
-1.000000000000000056e-01,1.000000000000000000e+00
-1.000000000000000056e-01,1.000000000000000000e+00
-1.000000000000000056e-01,1.000000000000000000e+00
-1.000000000000000056e-01,1.000000000000000000e+00
-1.000000000000000056e-01,1.000000000000000000e+00
-1.000000000000000056e-01,1.000000000000000000e+00
1.000000000000000056e-01,-1.000000000000000000e+00
1.000000000000000056e-01,-1.000000000000000000e+00
1.000000000000000056e-01,-1.000000000000000000e+00
1.000000000000000056e-01,-1.000000000000000000e+00
1.000000000000000056e-01,-1.000000000000000000e+00
1.000000000000000056e-01,-1.000000000000000000e+00
-1.000000000000000056e-01,1.000000000000000000e+00
-1.000000000000000056e-01,1.000000000000000000e+00
-1.000000000000000056e-01,1.000000000000000000e+00
-1.000000000000000056e-01,1.000000000000000000e+00
-1.000000000000000056e-01,1.000000000000000000e+00
-1.000000000000000056e-01,1.000000000000000000e+00
1.000000000000000056e-01,-1.000000000000000000e+00
1.000000000000000056e-01,-1.000000000000000000e+00
1.000000000000000056e-01,-1.000000000000000000e+00
1.000000000000000056e-01,-1.000000000000000000e+00
1.000000000000000056e-01,-1.000000000000000000e+00
1.000000000000000056e-01,-1.000000000000000000e+00
-1.000000000000000056e-01,1.000000000000000000e+00
-1.000000000000000056e-01,1.000000000000000000e+00
-1.000000000000000056e-01,1.000000000000000000e+00
-1.000000000000000056e-01,1.000000000000000000e+00
-1.000000000000000056e-01,1.000000000000000000e+00
-1.000000000000000056e-01,1.000000000000000000e+00
1.000000000000000056e-01,-1.000000000000000000e+00
1.000000000000000056e-01,-1.000000000000000000e+00
1.000000000000000056e-01,-1.000000000000000000e+00
1.000000000000000056e-01,-1.000000000000000000e+00
1.000000000000000056e-01,-1.000000000000000000e+00
1.000000000000000056e-01,-1.000000000000000000e+00
-4.400000000000000022e-01,1.000000000000000000e+00
-4.400000000000000022e-01,1.000000000000000000e+00
-4.400000000000000022e-01,1.000000000000000000e+00
-4.400000000000000022e-01,1.000000000000000000e+00
-4.400000000000000022e-01,1.000000000000000000e+00
-4.400000000000000022e-01,1.000000000000000000e+00
4.400000000000000022e-01,0.000000000000000000e+00
4.400000000000000022e-01,0.000000000000000000e+00
4.400000000000000022e-01,-1.000000000000000000e+00
4.400000000000000022e-01,-1.000000000000000000e+00
4.400000000000000022e-01,-1.000000000000000000e+00
4.400000000000000022e-01,-1.000000000000000000e+00
4.400000000000000022e-01,0.000000000000000000e+00
4.400000000000000022e-01,1.403292181069958622e-01
4.400000000000000022e-01,0.000000000000000000e+00
4.400000000000000022e-01,2.820512820512820484e-01
3.499999999999999778e-01,1.000000000000000000e+00
3.499999999999999778e-01,1.000000000000000000e+00
3.499999999999999778e-01,1.000000000000000000e+00
3.499999999999999778e-01,1.000000000000000000e+00
3.499999999999999778e-01,1.000000000000000000e+00
3.499999999999999778e-01,1.000000000000000000e+00
3.499999999999999778e-01,1.000000000000000000e+00
3.499999999999999778e-01,1.000000000000000000e+00
-4.400000000000000022e-01,1.000000000000000000e+00
-4.400000000000000022e-01,1.000000000000000000e+00
-4.400000000000000022e-01,1.000000000000000000e+00
-4.400000000000000022e-01,1.000000000000000000e+00
-4.400000000000000022e-01,1.000000000000000000e+00
-4.400000000000000022e-01,1.000000000000000000e+00
3.499999999999999778e-01,1.000000000000000000e+00
3.499999999999999778e-01,1.000000000000000000e+00
3.499999999999999778e-01,1.000000000000000000e+00
3.499999999999999778e-01,1.000000000000000000e+00
3.499999999999999778e-01,1.000000000000000000e+00
3.499999999999999778e-01,1.000000000000000000e+00
3.499999999999999778e-01,1.000000000000000000e+00
3.499999999999999778e-01,1.000000000000000000e+00
3.499999999999999778e-01,1.000000000000000000e+00
3.499999999999999778e-01,1.000000000000000000e+00
3.499999999999999778e-01,1.000000000000000000e+00
3.499999999999999778e-01,1.000000000000000000e+00
3.499999999999999778e-01,1.000000000000000000e+00
3.499999999999999778e-01,1.000000000000000000e+00
3.499999999999999778e-01,1.000000000000000000e+00
3.499999999999999778e-01,1.000000000000000000e+00
3.499999999999999778e-01,1.000000000000000000e+00
3.499999999999999778e-01,1.000000000000000000e+00
3.499999999999999778e-01,1.000000000000000000e+00
3.499999999999999778e-01,1.000000000000000000e+00
3.499999999999999778e-01,1.000000000000000000e+00
3.499999999999999778e-01,1.000000000000000000e+00
3.499999999999999778e-01,1.000000000000000000e+00
3.499999999999999778e-01,1.000000000000000000e+00
3.499999999999999778e-01,1.000000000000000000e+00
3.499999999999999778e-01,1.000000000000000000e+00
3.499999999999999778e-01,1.000000000000000000e+00
3.499999999999999778e-01,1.000000000000000000e+00
3.499999999999999778e-01,1.000000000000000000e+00
3.499999999999999778e-01,1.000000000000000000e+00
3.499999999999999778e-01,1.000000000000000000e+00
3.499999999999999778e-01,1.000000000000000000e+00
3.499999999999999778e-01,1.000000000000000000e+00
3.499999999999999778e-01,1.000000000000000000e+00
3.499999999999999778e-01,1.000000000000000000e+00
3.499999999999999778e-01,1.000000000000000000e+00
3.499999999999999778e-01,1.000000000000000000e+00
3.499999999999999778e-01,1.000000000000000000e+00
3.499999999999999778e-01,1.000000000000000000e+00
3.499999999999999778e-01,1.000000000000000000e+00
3.499999999999999778e-01,1.000000000000000000e+00
3.499999999999999778e-01,1.000000000000000000e+00
3.499999999999999778e-01,1.000000000000000000e+00
3.499999999999999778e-01,1.000000000000000000e+00
3.499999999999999778e-01,1.000000000000000000e+00
3.499999999999999778e-01,1.000000000000000000e+00
3.499999999999999778e-01,1.000000000000000000e+00
3.499999999999999778e-01,1.000000000000000000e+00
3.499999999999999778e-01,1.000000000000000000e+00
3.499999999999999778e-01,1.000000000000000000e+00
3.499999999999999778e-01,1.000000000000000000e+00
3.499999999999999778e-01,1.000000000000000000e+00
3.499999999999999778e-01,1.000000000000000000e+00
3.499999999999999778e-01,1.000000000000000000e+00
3.499999999999999778e-01,1.000000000000000000e+00
3.499999999999999778e-01,1.000000000000000000e+00
3.499999999999999778e-01,1.000000000000000000e+00
3.499999999999999778e-01,1.000000000000000000e+00
3.499999999999999778e-01,1.000000000000000000e+00
3.499999999999999778e-01,1.000000000000000000e+00
3.499999999999999778e-01,1.000000000000000000e+00
3.499999999999999778e-01,1.000000000000000000e+00
3.499999999999999778e-01,1.000000000000000000e+00
3.499999999999999778e-01,1.000000000000000000e+00
-4.400000000000000022e-01,1.000000000000000000e+00
-4.400000000000000022e-01,1.000000000000000000e+00
-4.400000000000000022e-01,1.000000000000000000e+00
-4.400000000000000022e-01,1.000000000000000000e+00
-4.400000000000000022e-01,1.000000000000000000e+00
-4.400000000000000022e-01,1.000000000000000000e+00
3.499999999999999778e-01,1.000000000000000000e+00
-4.400000000000000022e-01,1.000000000000000000e+00
-4.400000000000000022e-01,1.000000000000000000e+00
-4.400000000000000022e-01,1.000000000000000000e+00
-4.400000000000000022e-01,1.000000000000000000e+00
-4.400000000000000022e-01,1.000000000000000000e+00
-4.400000000000000022e-01,1.000000000000000000e+00
3.499999999999999778e-01,1.000000000000000000e+00
3.499999999999999778e-01,1.000000000000000000e+00
3.499999999999999778e-01,1.000000000000000000e+00
3.499999999999999778e-01,1.000000000000000000e+00
-4.400000000000000022e-01,1.000000000000000000e+00
-4.400000000000000022e-01,1.000000000000000000e+00
-4.400000000000000022e-01,1.000000000000000000e+00
-4.400000000000000022e-01,1.000000000000000000e+00
-4.400000000000000022e-01,1.000000000000000000e+00
-4.400000000000000022e-01,1.000000000000000000e+00
3.499999999999999778e-01,1.000000000000000000e+00
3.499999999999999778e-01,1.000000000000000000e+00
3.499999999999999778e-01,1.000000000000000000e+00
3.499999999999999778e-01,1.000000000000000000e+00
3.499999999999999778e-01,1.000000000000000000e+00
3.499999999999999778e-01,1.000000000000000000e+00
3.499999999999999778e-01,1.000000000000000000e+00
-4.400000000000000022e-01,1.000000000000000000e+00
-4.400000000000000022e-01,1.000000000000000000e+00
-4.400000000000000022e-01,1.000000000000000000e+00
-4.400000000000000022e-01,1.000000000000000000e+00
-4.400000000000000022e-01,1.000000000000000000e+00
-4.400000000000000022e-01,1.000000000000000000e+00
3.499999999999999778e-01,1.000000000000000000e+00
3.499999999999999778e-01,1.000000000000000000e+00
3.499999999999999778e-01,1.000000000000000000e+00
3.499999999999999778e-01,1.000000000000000000e+00
3.499999999999999778e-01,1.000000000000000000e+00
3.499999999999999778e-01,1.000000000000000000e+00
3.499999999999999778e-01,1.000000000000000000e+00
3.499999999999999778e-01,1.000000000000000000e+00
4.400000000000000022e-01,0.000000000000000000e+00
4.400000000000000022e-01,0.000000000000000000e+00
4.400000000000000022e-01,0.000000000000000000e+00
4.400000000000000022e-01,0.000000000000000000e+00
4.400000000000000022e-01,0.000000000000000000e+00
4.400000000000000022e-01,0.000000000000000000e+00
4.400000000000000022e-01,0.000000000000000000e+00
4.400000000000000022e-01,0.000000000000000000e+00
4.400000000000000022e-01,0.000000000000000000e+00
4.400000000000000022e-01,0.000000000000000000e+00
4.400000000000000022e-01,0.000000000000000000e+00
4.400000000000000022e-01,0.000000000000000000e+00
4.400000000000000022e-01,0.000000000000000000e+00
4.400000000000000022e-01,0.000000000000000000e+00
4.400000000000000022e-01,0.000000000000000000e+00
4.400000000000000022e-01,0.000000000000000000e+00
3.499999999999999778e-01,1.000000000000000000e+00
1.000000000000000056e-01,1.000000000000000000e+00
1.000000000000000056e-01,1.000000000000000000e+00
1.000000000000000056e-01,1.000000000000000000e+00
1.000000000000000056e-01,1.000000000000000000e+00
-4.400000000000000022e-01,1.000000000000000000e+00
-4.400000000000000022e-01,1.000000000000000000e+00
-4.400000000000000022e-01,1.000000000000000000e+00
-4.400000000000000022e-01,1.000000000000000000e+00
-4.400000000000000022e-01,1.000000000000000000e+00
-4.400000000000000022e-01,1.000000000000000000e+00
4.400000000000000022e-01,0.000000000000000000e+00
1.000000000000000056e-01,-1.000000000000000000e+00
1.000000000000000056e-01,-1.000000000000000000e+00
1.000000000000000056e-01,0.000000000000000000e+00
1.000000000000000056e-01,-1.000000000000000000e+00
1.000000000000000056e-01,-1.000000000000000000e+00
1.000000000000000056e-01,0.000000000000000000e+00
1.000000000000000056e-01,-1.000000000000000000e+00
1.000000000000000056e-01,-1.000000000000000000e+00
1.000000000000000056e-01,0.000000000000000000e+00
1.000000000000000056e-01,-1.000000000000000000e+00
1.000000000000000056e-01,-1.000000000000000000e+00
1.000000000000000056e-01,0.000000000000000000e+00
1.000000000000000056e-01,-1.000000000000000000e+00
1.000000000000000056e-01,-1.000000000000000000e+00
1.000000000000000056e-01,0.000000000000000000e+00
1.000000000000000056e-01,-1.000000000000000000e+00
1.000000000000000056e-01,-1.000000000000000000e+00
1.000000000000000056e-01,0.000000000000000000e+00
1.000000000000000056e-01,-1.000000000000000000e+00
1.000000000000000056e-01,-1.000000000000000000e+00
1.000000000000000056e-01,0.000000000000000000e+00
1.000000000000000056e-01,-1.000000000000000000e+00
1.000000000000000056e-01,-1.000000000000000000e+00
1.000000000000000056e-01,0.000000000000000000e+00
1.000000000000000056e-01,-1.000000000000000000e+00
1.000000000000000056e-01,-1.000000000000000000e+00
1.000000000000000056e-01,0.000000000000000000e+00
1.000000000000000056e-01,-1.000000000000000000e+00
1.000000000000000056e-01,-1.000000000000000000e+00
1.000000000000000056e-01,0.000000000000000000e+00
1.000000000000000056e-01,-1.000000000000000000e+00
1.000000000000000056e-01,-1.000000000000000000e+00
1.000000000000000056e-01,0.000000000000000000e+00
1.000000000000000056e-01,-1.000000000000000000e+00
1.000000000000000056e-01,-1.000000000000000000e+00
1.000000000000000056e-01,0.000000000000000000e+00
1.000000000000000056e-01,-1.000000000000000000e+00
1.000000000000000056e-01,-1.000000000000000000e+00
1.000000000000000056e-01,0.000000000000000000e+00
1.000000000000000056e-01,-1.000000000000000000e+00
1.000000000000000056e-01,-1.000000000000000000e+00
1.000000000000000056e-01,0.000000000000000000e+00
1.000000000000000056e-01,-1.000000000000000000e+00
1.000000000000000056e-01,-1.000000000000000000e+00
1.000000000000000056e-01,0.000000000000000000e+00
1.000000000000000056e-01,-1.000000000000000000e+00
1.000000000000000056e-01,-1.000000000000000000e+00
1.000000000000000056e-01,0.000000000000000000e+00
4.400000000000000022e-01,0.000000000000000000e+00
1.000000000000000056e-01,-1.000000000000000000e+00
1.000000000000000056e-01,-1.000000000000000000e+00
1.000000000000000056e-01,0.000000000000000000e+00
1.000000000000000056e-01,-1.000000000000000000e+00
1.000000000000000056e-01,-1.000000000000000000e+00
1.000000000000000056e-01,0.000000000000000000e+00
1.000000000000000056e-01,-1.000000000000000000e+00
1.000000000000000056e-01,-1.000000000000000000e+00
1.000000000000000056e-01,0.000000000000000000e+00
1.000000000000000056e-01,-1.000000000000000000e+00
1.000000000000000056e-01,-1.000000000000000000e+00
1.000000000000000056e-01,0.000000000000000000e+00
1.000000000000000056e-01,-1.000000000000000000e+00
1.000000000000000056e-01,-1.000000000000000000e+00
1.000000000000000056e-01,0.000000000000000000e+00
1.000000000000000056e-01,-1.000000000000000000e+00
1.000000000000000056e-01,-1.000000000000000000e+00
1.000000000000000056e-01,0.000000000000000000e+00
1.000000000000000056e-01,-1.000000000000000000e+00
1.000000000000000056e-01,-1.000000000000000000e+00
1.000000000000000056e-01,0.000000000000000000e+00
1.000000000000000056e-01,-1.000000000000000000e+00
1.000000000000000056e-01,-1.000000000000000000e+00
1.000000000000000056e-01,0.000000000000000000e+00
1.000000000000000056e-01,-1.000000000000000000e+00
1.000000000000000056e-01,-1.000000000000000000e+00
1.000000000000000056e-01,0.000000000000000000e+00
1.000000000000000056e-01,-1.000000000000000000e+00
1.000000000000000056e-01,-1.000000000000000000e+00
1.000000000000000056e-01,0.000000000000000000e+00
1.000000000000000056e-01,-1.000000000000000000e+00
1.000000000000000056e-01,-1.000000000000000000e+00
1.000000000000000056e-01,0.000000000000000000e+00
1.000000000000000056e-01,-1.000000000000000000e+00
1.000000000000000056e-01,-1.000000000000000000e+00
1.000000000000000056e-01,0.000000000000000000e+00
1.000000000000000056e-01,-1.000000000000000000e+00
1.000000000000000056e-01,-1.000000000000000000e+00
1.000000000000000056e-01,0.000000000000000000e+00
1.000000000000000056e-01,-1.000000000000000000e+00
1.000000000000000056e-01,-1.000000000000000000e+00
1.000000000000000056e-01,0.000000000000000000e+00
1.000000000000000056e-01,-1.000000000000000000e+00
1.000000000000000056e-01,-1.000000000000000000e+00
1.000000000000000056e-01,0.000000000000000000e+00
1.000000000000000056e-01,-1.000000000000000000e+00
1.000000000000000056e-01,-1.000000000000000000e+00
1.000000000000000056e-01,0.000000000000000000e+00
1.000000000000000056e-01,1.000000000000000000e+00
1.000000000000000056e-01,1.000000000000000000e+00
1.000000000000000056e-01,1.000000000000000000e+00
4.400000000000000022e-01,0.000000000000000000e+00
1.000000000000000056e-01,1.000000000000000000e+00
4.400000000000000022e-01,0.000000000000000000e+00
1.000000000000000056e-01,1.000000000000000000e+00
4.400000000000000022e-01,0.000000000000000000e+00
1.000000000000000056e-01,1.000000000000000000e+00
1.000000000000000056e-01,1.000000000000000000e+00
8.000000000000000444e-01,7.450738916256158251e-02
3.499999999999999778e-01,1.000000000000000000e+00
3.499999999999999778e-01,1.000000000000000000e+00
3.499999999999999778e-01,1.000000000000000000e+00
3.499999999999999778e-01,1.000000000000000000e+00
3.499999999999999778e-01,1.000000000000000000e+00
3.499999999999999778e-01,1.000000000000000000e+00
3.499999999999999778e-01,1.000000000000000000e+00
3.499999999999999778e-01,1.000000000000000000e+00
3.499999999999999778e-01,1.000000000000000000e+00
3.499999999999999778e-01,1.000000000000000000e+00
3.499999999999999778e-01,1.000000000000000000e+00
3.499999999999999778e-01,1.000000000000000000e+00
3.499999999999999778e-01,1.000000000000000000e+00
3.499999999999999778e-01,1.000000000000000000e+00
3.499999999999999778e-01,1.000000000000000000e+00
3.499999999999999778e-01,1.000000000000000000e+00
3.499999999999999778e-01,1.000000000000000000e+00
3.499999999999999778e-01,1.000000000000000000e+00
3.499999999999999778e-01,1.000000000000000000e+00
3.499999999999999778e-01,1.000000000000000000e+00
3.499999999999999778e-01,1.000000000000000000e+00
3.499999999999999778e-01,1.000000000000000000e+00
3.499999999999999778e-01,1.000000000000000000e+00
3.499999999999999778e-01,1.000000000000000000e+00
3.499999999999999778e-01,1.000000000000000000e+00
3.499999999999999778e-01,1.000000000000000000e+00
4.400000000000000022e-01,0.000000000000000000e+00
4.400000000000000022e-01,0.000000000000000000e+00
4.400000000000000022e-01,0.000000000000000000e+00
4.400000000000000022e-01,0.000000000000000000e+00
4.400000000000000022e-01,0.000000000000000000e+00
4.400000000000000022e-01,0.000000000000000000e+00
4.400000000000000022e-01,0.000000000000000000e+00
4.400000000000000022e-01,0.000000000000000000e+00
4.400000000000000022e-01,0.000000000000000000e+00
4.400000000000000022e-01,0.000000000000000000e+00
4.400000000000000022e-01,0.000000000000000000e+00
4.400000000000000022e-01,0.000000000000000000e+00
4.400000000000000022e-01,0.000000000000000000e+00
4.400000000000000022e-01,0.000000000000000000e+00
4.400000000000000022e-01,0.000000000000000000e+00
4.400000000000000022e-01,0.000000000000000000e+00
4.400000000000000022e-01,0.000000000000000000e+00
4.400000000000000022e-01,0.000000000000000000e+00
4.400000000000000022e-01,0.000000000000000000e+00
3.499999999999999778e-01,1.000000000000000000e+00
1.000000000000000056e-01,1.000000000000000000e+00
1.000000000000000056e-01,1.000000000000000000e+00
1.000000000000000056e-01,1.000000000000000000e+00
1.000000000000000056e-01,1.000000000000000000e+00
1.000000000000000056e-01,1.000000000000000000e+00
1.000000000000000056e-01,1.000000000000000000e+00
1.000000000000000056e-01,1.000000000000000000e+00
1.000000000000000056e-01,1.000000000000000000e+00
-4.400000000000000022e-01,1.000000000000000000e+00
-4.400000000000000022e-01,1.000000000000000000e+00
-4.400000000000000022e-01,1.000000000000000000e+00
-4.400000000000000022e-01,1.000000000000000000e+00
-4.400000000000000022e-01,1.000000000000000000e+00
-4.400000000000000022e-01,1.000000000000000000e+00
1.000000000000000056e-01,1.000000000000000000e+00
1.000000000000000056e-01,1.000000000000000000e+00
1.000000000000000056e-01,1.000000000000000000e+00
1.000000000000000056e-01,1.000000000000000000e+00
1.000000000000000056e-01,1.000000000000000000e+00
1.000000000000000056e-01,1.000000000000000000e+00
1.000000000000000056e-01,1.000000000000000000e+00
1.000000000000000056e-01,1.000000000000000000e+00
1.000000000000000056e-01,1.000000000000000000e+00
1.000000000000000056e-01,1.000000000000000000e+00
1.000000000000000056e-01,1.000000000000000000e+00
1.000000000000000056e-01,1.000000000000000000e+00
1.000000000000000056e-01,1.000000000000000000e+00
1.000000000000000056e-01,1.000000000000000000e+00
1.000000000000000056e-01,1.000000000000000000e+00
1.000000000000000056e-01,1.000000000000000000e+00
1.000000000000000056e-01,1.000000000000000000e+00
1.000000000000000056e-01,1.000000000000000000e+00
-4.400000000000000022e-01,1.000000000000000000e+00
-4.400000000000000022e-01,1.000000000000000000e+00
-4.400000000000000022e-01,1.000000000000000000e+00
-4.400000000000000022e-01,1.000000000000000000e+00
-4.400000000000000022e-01,1.000000000000000000e+00
-4.400000000000000022e-01,1.000000000000000000e+00
1.000000000000000056e-01,1.000000000000000000e+00
1.000000000000000056e-01,1.000000000000000000e+00
1.000000000000000056e-01,1.000000000000000000e+00
1.000000000000000056e-01,1.000000000000000000e+00
1.000000000000000056e-01,1.000000000000000000e+00
1.000000000000000056e-01,1.000000000000000000e+00
1.000000000000000056e-01,1.000000000000000000e+00
1.000000000000000056e-01,1.000000000000000000e+00
1.000000000000000056e-01,1.000000000000000000e+00
1.000000000000000056e-01,1.000000000000000000e+00
1.000000000000000056e-01,1.000000000000000000e+00
1.000000000000000056e-01,1.000000000000000000e+00
4.400000000000000022e-01,1.000000000000000000e+00
3.499999999999999778e-01,1.000000000000000000e+00
3.499999999999999778e-01,1.000000000000000000e+00
3.499999999999999778e-01,1.000000000000000000e+00
3.499999999999999778e-01,1.000000000000000000e+00
3.499999999999999778e-01,1.000000000000000000e+00
3.499999999999999778e-01,1.000000000000000000e+00
3.499999999999999778e-01,1.000000000000000000e+00
4.400000000000000022e-01,0.000000000000000000e+00
4.400000000000000022e-01,-1.000000000000000000e+00
4.400000000000000022e-01,0.000000000000000000e+00
4.400000000000000022e-01,0.000000000000000000e+00
4.400000000000000022e-01,0.000000000000000000e+00
4.400000000000000022e-01,0.000000000000000000e+00
4.400000000000000022e-01,0.000000000000000000e+00
4.400000000000000022e-01,0.000000000000000000e+00
4.400000000000000022e-01,0.000000000000000000e+00
4.400000000000000022e-01,0.000000000000000000e+00
4.400000000000000022e-01,0.000000000000000000e+00
4.400000000000000022e-01,0.000000000000000000e+00
4.400000000000000022e-01,0.000000000000000000e+00
4.400000000000000022e-01,0.000000000000000000e+00
1.000000000000000056e-01,-1.000000000000000000e+00
1.000000000000000056e-01,-1.000000000000000000e+00
1.000000000000000056e-01,0.000000000000000000e+00
1.000000000000000056e-01,-1.000000000000000000e+00
1.000000000000000056e-01,-1.000000000000000000e+00
1.000000000000000056e-01,0.000000000000000000e+00
1.000000000000000056e-01,-1.000000000000000000e+00
1.000000000000000056e-01,-1.000000000000000000e+00
1.000000000000000056e-01,0.000000000000000000e+00
1.000000000000000056e-01,-1.000000000000000000e+00
1.000000000000000056e-01,-1.000000000000000000e+00
1.000000000000000056e-01,0.000000000000000000e+00
1.000000000000000056e-01,-1.000000000000000000e+00
1.000000000000000056e-01,-1.000000000000000000e+00
1.000000000000000056e-01,0.000000000000000000e+00
1.000000000000000056e-01,-1.000000000000000000e+00
1.000000000000000056e-01,-1.000000000000000000e+00
1.000000000000000056e-01,0.000000000000000000e+00
1.000000000000000056e-01,-1.000000000000000000e+00
1.000000000000000056e-01,-1.000000000000000000e+00
1.000000000000000056e-01,0.000000000000000000e+00
1.000000000000000056e-01,-1.000000000000000000e+00
1.000000000000000056e-01,-1.000000000000000000e+00
1.000000000000000056e-01,0.000000000000000000e+00
1.000000000000000056e-01,-1.000000000000000000e+00
1.000000000000000056e-01,-1.000000000000000000e+00
1.000000000000000056e-01,0.000000000000000000e+00
1.000000000000000056e-01,-1.000000000000000000e+00
1.000000000000000056e-01,-1.000000000000000000e+00
1.000000000000000056e-01,0.000000000000000000e+00
1.000000000000000056e-01,-1.000000000000000000e+00
1.000000000000000056e-01,-1.000000000000000000e+00
1.000000000000000056e-01,0.000000000000000000e+00
1.000000000000000056e-01,-1.000000000000000000e+00
1.000000000000000056e-01,-1.000000000000000000e+00
1.000000000000000056e-01,0.000000000000000000e+00
1.000000000000000056e-01,-1.000000000000000000e+00
1.000000000000000056e-01,-1.000000000000000000e+00
1.000000000000000056e-01,0.000000000000000000e+00
1.000000000000000056e-01,-1.000000000000000000e+00
1.000000000000000056e-01,-1.000000000000000000e+00
1.000000000000000056e-01,0.000000000000000000e+00
1.000000000000000056e-01,-1.000000000000000000e+00
1.000000000000000056e-01,-1.000000000000000000e+00
1.000000000000000056e-01,0.000000000000000000e+00
1.000000000000000056e-01,-1.000000000000000000e+00
1.000000000000000056e-01,-1.000000000000000000e+00
1.000000000000000056e-01,0.000000000000000000e+00
1.000000000000000056e-01,1.000000000000000000e+00
1.000000000000000056e-01,1.000000000000000000e+00
1.000000000000000056e-01,1.000000000000000000e+00
1.000000000000000056e-01,1.000000000000000000e+00
1.000000000000000056e-01,1.000000000000000000e+00
1.000000000000000056e-01,1.000000000000000000e+00
1.000000000000000056e-01,1.000000000000000000e+00
1.000000000000000056e-01,1.000000000000000000e+00
1.000000000000000056e-01,1.000000000000000000e+00
1.000000000000000056e-01,1.000000000000000000e+00
1.000000000000000056e-01,1.000000000000000000e+00
1.000000000000000056e-01,1.000000000000000000e+00
1.000000000000000056e-01,1.000000000000000000e+00
1.000000000000000056e-01,1.000000000000000000e+00
1.000000000000000056e-01,1.000000000000000000e+00
1.000000000000000056e-01,1.000000000000000000e+00
1.000000000000000056e-01,1.000000000000000000e+00
1.000000000000000056e-01,1.000000000000000000e+00
4.400000000000000022e-01,1.000000000000000000e+00
4.400000000000000022e-01,-1.000000000000000000e+00
1.000000000000000056e-01,1.000000000000000000e+00
1.000000000000000056e-01,1.000000000000000000e+00
4.400000000000000022e-01,1.845592678926012142e-01
-4.400000000000000022e-01,1.000000000000000000e+00
-4.400000000000000022e-01,1.000000000000000000e+00
-4.400000000000000022e-01,1.000000000000000000e+00
-4.400000000000000022e-01,1.000000000000000000e+00
-4.400000000000000022e-01,1.000000000000000000e+00
-4.400000000000000022e-01,1.000000000000000000e+00
4.400000000000000022e-01,0.000000000000000000e+00
4.400000000000000022e-01,0.000000000000000000e+00
4.400000000000000022e-01,0.000000000000000000e+00
8.000000000000000444e-01,-1.000000000000000000e+00
4.400000000000000022e-01,6.458625525946704027e-01
1.000000000000000056e-01,6.958388703568103573e-01
1.000000000000000056e-01,1.000000000000000000e+00
1.000000000000000056e-01,7.213345864661654394e-01
1.000000000000000056e-01,1.000000000000000000e+00
1.000000000000000056e-01,0.000000000000000000e+00
1.000000000000000056e-01,1.000000000000000000e+00
1.000000000000000056e-01,1.000000000000000000e+00
1.000000000000000056e-01,9.737975318332461327e-01
1.000000000000000056e-01,1.000000000000000000e+00
1.000000000000000056e-01,1.000000000000000000e+00
1.000000000000000056e-01,9.835797881905798956e-01
1.000000000000000056e-01,1.000000000000000000e+00
1.000000000000000056e-01,1.000000000000000000e+00
1.000000000000000056e-01,1.000000000000000000e+00
1.000000000000000056e-01,1.000000000000000000e+00
1.000000000000000056e-01,1.000000000000000000e+00
1.000000000000000056e-01,1.000000000000000000e+00
1.000000000000000056e-01,1.000000000000000000e+00
1.000000000000000056e-01,1.000000000000000000e+00
1.000000000000000056e-01,1.000000000000000000e+00
1.000000000000000056e-01,1.000000000000000000e+00
1.000000000000000056e-01,1.000000000000000000e+00
1.000000000000000056e-01,1.000000000000000000e+00
1.000000000000000056e-01,1.000000000000000000e+00
1.000000000000000056e-01,1.000000000000000000e+00
1.000000000000000056e-01,1.000000000000000000e+00
1.000000000000000056e-01,1.000000000000000000e+00
1.000000000000000056e-01,1.000000000000000000e+00
1.000000000000000056e-01,1.000000000000000000e+00
1.000000000000000056e-01,1.000000000000000000e+00
1.000000000000000056e-01,1.000000000000000000e+00
1.000000000000000056e-01,1.000000000000000000e+00
-1.000000000000000056e-01,1.000000000000000000e+00
-1.000000000000000056e-01,1.000000000000000000e+00
-1.000000000000000056e-01,1.000000000000000000e+00
-1.000000000000000056e-01,1.000000000000000000e+00
-1.000000000000000056e-01,1.000000000000000000e+00
-1.000000000000000056e-01,1.000000000000000000e+00
1.000000000000000056e-01,1.000000000000000000e+00
1.000000000000000056e-01,1.000000000000000000e+00
1.000000000000000056e-01,1.000000000000000000e+00
1.000000000000000056e-01,1.000000000000000000e+00
1.000000000000000056e-01,1.000000000000000000e+00
1.000000000000000056e-01,1.000000000000000000e+00
1.000000000000000056e-01,1.000000000000000000e+00
1.000000000000000056e-01,0.000000000000000000e+00
1.000000000000000056e-01,0.000000000000000000e+00
1.000000000000000056e-01,1.000000000000000000e+00
1.000000000000000056e-01,1.000000000000000000e+00
1.000000000000000056e-01,1.000000000000000000e+00
1.000000000000000056e-01,1.000000000000000000e+00
1.000000000000000056e-01,1.000000000000000000e+00
1.000000000000000056e-01,1.000000000000000000e+00
1.000000000000000056e-01,1.000000000000000000e+00
1.000000000000000056e-01,0.000000000000000000e+00
1.000000000000000056e-01,0.000000000000000000e+00
1.000000000000000056e-01,0.000000000000000000e+00
1.000000000000000056e-01,0.000000000000000000e+00
1.000000000000000056e-01,0.000000000000000000e+00
1.000000000000000056e-01,0.000000000000000000e+00
1.000000000000000056e-01,0.000000000000000000e+00
1.000000000000000056e-01,0.000000000000000000e+00
1.000000000000000056e-01,1.000000000000000000e+00
1.000000000000000056e-01,0.000000000000000000e+00
1.000000000000000056e-01,0.000000000000000000e+00
1.000000000000000056e-01,0.000000000000000000e+00
1.000000000000000056e-01,0.000000000000000000e+00
1.000000000000000056e-01,-1.000000000000000000e+00
1.000000000000000056e-01,-1.000000000000000000e+00
1.000000000000000056e-01,0.000000000000000000e+00
1.000000000000000056e-01,-1.000000000000000000e+00
1.000000000000000056e-01,-1.000000000000000000e+00
1.000000000000000056e-01,0.000000000000000000e+00
1.000000000000000056e-01,-1.000000000000000000e+00
1.000000000000000056e-01,-1.000000000000000000e+00
1.000000000000000056e-01,0.000000000000000000e+00
1.000000000000000056e-01,-1.000000000000000000e+00
1.000000000000000056e-01,-1.000000000000000000e+00
1.000000000000000056e-01,0.000000000000000000e+00
1.000000000000000056e-01,-1.000000000000000000e+00
1.000000000000000056e-01,-1.000000000000000000e+00
1.000000000000000056e-01,0.000000000000000000e+00
1.000000000000000056e-01,-1.000000000000000000e+00
1.000000000000000056e-01,-1.000000000000000000e+00
1.000000000000000056e-01,0.000000000000000000e+00
1.000000000000000056e-01,-1.000000000000000000e+00
1.000000000000000056e-01,-1.000000000000000000e+00
1.000000000000000056e-01,0.000000000000000000e+00
1.000000000000000056e-01,-1.000000000000000000e+00
1.000000000000000056e-01,-1.000000000000000000e+00
1.000000000000000056e-01,0.000000000000000000e+00
1.000000000000000056e-01,-1.000000000000000000e+00
1.000000000000000056e-01,-1.000000000000000000e+00
1.000000000000000056e-01,0.000000000000000000e+00
1.000000000000000056e-01,-1.000000000000000000e+00
1.000000000000000056e-01,-1.000000000000000000e+00
1.000000000000000056e-01,0.000000000000000000e+00
1.000000000000000056e-01,-1.000000000000000000e+00
1.000000000000000056e-01,-1.000000000000000000e+00
1.000000000000000056e-01,0.000000000000000000e+00
1.000000000000000056e-01,-1.000000000000000000e+00
1.000000000000000056e-01,-1.000000000000000000e+00
1.000000000000000056e-01,0.000000000000000000e+00
1.000000000000000056e-01,-1.000000000000000000e+00
1.000000000000000056e-01,-1.000000000000000000e+00
1.000000000000000056e-01,0.000000000000000000e+00
1.000000000000000056e-01,-1.000000000000000000e+00
1.000000000000000056e-01,-1.000000000000000000e+00
1.000000000000000056e-01,0.000000000000000000e+00
1.000000000000000056e-01,-1.000000000000000000e+00
1.000000000000000056e-01,-1.000000000000000000e+00
1.000000000000000056e-01,0.000000000000000000e+00
1.000000000000000056e-01,-1.000000000000000000e+00
1.000000000000000056e-01,-1.000000000000000000e+00
1.000000000000000056e-01,0.000000000000000000e+00
1.000000000000000056e-01,5.778916932206946272e-02
1.000000000000000056e-01,1.000000000000000000e+00
1.000000000000000056e-01,1.000000000000000000e+00
1.000000000000000056e-01,1.000000000000000000e+00
1.000000000000000056e-01,1.000000000000000000e+00
1.000000000000000056e-01,1.000000000000000000e+00
1.000000000000000056e-01,1.000000000000000000e+00
1.000000000000000056e-01,1.000000000000000000e+00
1.000000000000000056e-01,1.000000000000000000e+00
1.000000000000000056e-01,1.000000000000000000e+00
1.000000000000000056e-01,1.000000000000000000e+00
1.000000000000000056e-01,1.000000000000000000e+00
1.000000000000000056e-01,1.000000000000000000e+00
1.000000000000000056e-01,1.000000000000000000e+00
1.000000000000000056e-01,1.000000000000000000e+00
1.000000000000000056e-01,1.000000000000000000e+00
1.000000000000000056e-01,1.000000000000000000e+00
1.000000000000000056e-01,1.000000000000000000e+00
1.000000000000000056e-01,1.000000000000000000e+00
1.000000000000000056e-01,1.000000000000000000e+00
-1.000000000000000056e-01,1.000000000000000000e+00
-1.000000000000000056e-01,1.000000000000000000e+00
-1.000000000000000056e-01,1.000000000000000000e+00
-1.000000000000000056e-01,1.000000000000000000e+00
-1.000000000000000056e-01,1.000000000000000000e+00
-1.000000000000000056e-01,1.000000000000000000e+00
-1.000000000000000056e-01,1.000000000000000000e+00
-1.000000000000000056e-01,1.000000000000000000e+00
-1.000000000000000056e-01,1.000000000000000000e+00
-1.000000000000000056e-01,1.000000000000000000e+00
-1.000000000000000056e-01,1.000000000000000000e+00
-1.000000000000000056e-01,1.000000000000000000e+00
-1.000000000000000056e-01,1.000000000000000000e+00
-1.000000000000000056e-01,1.000000000000000000e+00
-1.000000000000000056e-01,1.000000000000000000e+00
-1.000000000000000056e-01,1.000000000000000000e+00
-1.000000000000000056e-01,1.000000000000000000e+00
-1.000000000000000056e-01,1.000000000000000000e+00
1.000000000000000056e-01,1.000000000000000000e+00
1.000000000000000056e-01,1.000000000000000000e+00
1.000000000000000056e-01,1.000000000000000000e+00
1.000000000000000056e-01,1.000000000000000000e+00
1.000000000000000056e-01,1.000000000000000000e+00
1.000000000000000056e-01,1.000000000000000000e+00
1.000000000000000056e-01,1.000000000000000000e+00
1.000000000000000056e-01,1.000000000000000000e+00
1.000000000000000056e-01,1.000000000000000000e+00
1.000000000000000056e-01,1.000000000000000000e+00
1.000000000000000056e-01,1.000000000000000000e+00
1.000000000000000056e-01,1.000000000000000000e+00
1.000000000000000056e-01,1.000000000000000000e+00
1.000000000000000056e-01,1.000000000000000000e+00
1.000000000000000056e-01,1.000000000000000000e+00
1.000000000000000056e-01,1.000000000000000000e+00
1.000000000000000056e-01,1.000000000000000000e+00
1.000000000000000056e-01,1.000000000000000000e+00
1.000000000000000056e-01,0.000000000000000000e+00
1.000000000000000056e-01,4.810486403764231977e-01
1.000000000000000056e-01,1.000000000000000000e+00
1.000000000000000056e-01,1.000000000000000000e+00
1.000000000000000056e-01,1.000000000000000000e+00
1.000000000000000056e-01,1.000000000000000000e+00
1.000000000000000056e-01,1.000000000000000000e+00
1.000000000000000056e-01,1.000000000000000000e+00
1.000000000000000056e-01,1.000000000000000000e+00
1.000000000000000056e-01,1.000000000000000000e+00
1.000000000000000056e-01,1.000000000000000000e+00
1.000000000000000056e-01,1.000000000000000000e+00
1.000000000000000056e-01,1.000000000000000000e+00
1.000000000000000056e-01,1.000000000000000000e+00
1.000000000000000056e-01,1.000000000000000000e+00
1.000000000000000056e-01,1.000000000000000000e+00
1.000000000000000056e-01,1.000000000000000000e+00
1.000000000000000056e-01,1.000000000000000000e+00
1.000000000000000056e-01,1.000000000000000000e+00
1.000000000000000056e-01,1.000000000000000000e+00
1.000000000000000056e-01,1.000000000000000000e+00
1.000000000000000056e-01,1.000000000000000000e+00
1.000000000000000056e-01,1.000000000000000000e+00
1.000000000000000056e-01,1.000000000000000000e+00
1.000000000000000056e-01,1.000000000000000000e+00
1.000000000000000056e-01,1.000000000000000000e+00
1.000000000000000056e-01,1.000000000000000000e+00
1.000000000000000056e-01,1.000000000000000000e+00
1.000000000000000056e-01,1.000000000000000000e+00
-1.000000000000000056e-01,1.000000000000000000e+00
-1.000000000000000056e-01,1.000000000000000000e+00
-1.000000000000000056e-01,1.000000000000000000e+00
-1.000000000000000056e-01,1.000000000000000000e+00
-1.000000000000000056e-01,1.000000000000000000e+00
-1.000000000000000056e-01,1.000000000000000000e+00
1.000000000000000056e-01,0.000000000000000000e+00
1.000000000000000056e-01,0.000000000000000000e+00
1.000000000000000056e-01,6.755952380952381375e-01
1.000000000000000056e-01,9.002932551319647869e-01
1.000000000000000056e-01,1.000000000000000000e+00
1.000000000000000056e-01,1.000000000000000000e+00
1.000000000000000056e-01,1.000000000000000056e-01
1.000000000000000056e-01,0.000000000000000000e+00
1.000000000000000056e-01,8.419191919191919560e-01
1.000000000000000056e-01,1.000000000000000000e+00
1.000000000000000056e-01,1.000000000000000000e+00
1.000000000000000056e-01,1.000000000000000000e+00
1.000000000000000056e-01,9.857333657115103787e-01
1.000000000000000056e-01,1.335477453580901919e-01
1.000000000000000056e-01,1.000000000000000000e+00
1.000000000000000056e-01,1.000000000000000000e+00
1.000000000000000056e-01,1.000000000000000000e+00
1.000000000000000056e-01,1.000000000000000000e+00
1.000000000000000056e-01,1.000000000000000000e+00
1.000000000000000056e-01,1.000000000000000000e+00
1.000000000000000056e-01,1.000000000000000000e+00
1.000000000000000056e-01,1.000000000000000000e+00
1.000000000000000056e-01,1.000000000000000000e+00
1.000000000000000056e-01,1.000000000000000000e+00
1.000000000000000056e-01,1.000000000000000000e+00
1.000000000000000056e-01,1.000000000000000000e+00
1.000000000000000056e-01,1.000000000000000000e+00
1.000000000000000056e-01,1.000000000000000000e+00
1.000000000000000056e-01,1.000000000000000000e+00
1.000000000000000056e-01,1.000000000000000000e+00
1.000000000000000056e-01,1.000000000000000000e+00
1.000000000000000056e-01,1.000000000000000000e+00
1.000000000000000056e-01,1.000000000000000000e+00
1.000000000000000056e-01,1.000000000000000000e+00
1.000000000000000056e-01,1.000000000000000000e+00
1.000000000000000056e-01,1.000000000000000000e+00
1.000000000000000056e-01,1.000000000000000000e+00
1.000000000000000056e-01,1.000000000000000000e+00
1.000000000000000056e-01,1.000000000000000000e+00
1.000000000000000056e-01,1.000000000000000000e+00
1.000000000000000056e-01,1.000000000000000000e+00
1.000000000000000056e-01,1.000000000000000000e+00
1.000000000000000056e-01,1.000000000000000000e+00
1.000000000000000056e-01,1.000000000000000000e+00
1.000000000000000056e-01,1.000000000000000000e+00
1.000000000000000056e-01,1.000000000000000000e+00
1.000000000000000056e-01,1.000000000000000000e+00
1.000000000000000056e-01,1.000000000000000000e+00
1.000000000000000056e-01,1.000000000000000000e+00
1.000000000000000056e-01,1.000000000000000000e+00
1.000000000000000056e-01,1.000000000000000000e+00
1.000000000000000056e-01,1.000000000000000000e+00
1.000000000000000056e-01,1.000000000000000000e+00
1.000000000000000056e-01,1.000000000000000000e+00
1.000000000000000056e-01,1.000000000000000000e+00
1.000000000000000056e-01,1.000000000000000000e+00
1.000000000000000056e-01,1.000000000000000000e+00
1.000000000000000056e-01,1.000000000000000000e+00
1.000000000000000056e-01,1.000000000000000000e+00
1.000000000000000056e-01,1.000000000000000000e+00
1.000000000000000056e-01,1.000000000000000000e+00
1.000000000000000056e-01,1.000000000000000000e+00
1.000000000000000056e-01,1.000000000000000000e+00
1.000000000000000056e-01,1.000000000000000000e+00
1.000000000000000056e-01,1.000000000000000000e+00
1.000000000000000056e-01,1.000000000000000000e+00
1.000000000000000056e-01,1.000000000000000000e+00
1.000000000000000056e-01,1.000000000000000000e+00
1.000000000000000056e-01,1.000000000000000000e+00
1.000000000000000056e-01,1.000000000000000000e+00
1.000000000000000056e-01,1.000000000000000000e+00
-1.000000000000000056e-01,1.000000000000000000e+00
-1.000000000000000056e-01,1.000000000000000000e+00
-1.000000000000000056e-01,1.000000000000000000e+00
-1.000000000000000056e-01,1.000000000000000000e+00
-1.000000000000000056e-01,1.000000000000000000e+00
-1.000000000000000056e-01,1.000000000000000000e+00
-1.000000000000000056e-01,1.000000000000000000e+00
-1.000000000000000056e-01,1.000000000000000000e+00
-1.000000000000000056e-01,1.000000000000000000e+00
-1.000000000000000056e-01,1.000000000000000000e+00
-1.000000000000000056e-01,1.000000000000000000e+00
-1.000000000000000056e-01,1.000000000000000000e+00
1.000000000000000056e-01,1.000000000000000000e+00
1.000000000000000056e-01,1.000000000000000000e+00
1.000000000000000056e-01,1.000000000000000000e+00
1.000000000000000056e-01,1.000000000000000000e+00
1.000000000000000056e-01,1.000000000000000000e+00
1.000000000000000056e-01,1.000000000000000000e+00
1.000000000000000056e-01,1.000000000000000000e+00
1.000000000000000056e-01,1.000000000000000000e+00
1.000000000000000056e-01,1.000000000000000000e+00
1.000000000000000056e-01,1.000000000000000000e+00
1.000000000000000056e-01,1.000000000000000000e+00
1.000000000000000056e-01,1.000000000000000000e+00
1.000000000000000056e-01,1.000000000000000000e+00
1.000000000000000056e-01,1.000000000000000000e+00
1.000000000000000056e-01,1.000000000000000000e+00
4.400000000000000022e-01,0.000000000000000000e+00
3.499999999999999778e-01,1.000000000000000000e+00
3.499999999999999778e-01,1.000000000000000000e+00
3.499999999999999778e-01,1.000000000000000000e+00
3.499999999999999778e-01,1.000000000000000000e+00
3.499999999999999778e-01,1.000000000000000000e+00
3.499999999999999778e-01,1.000000000000000000e+00
3.499999999999999778e-01,1.000000000000000000e+00
3.499999999999999778e-01,1.000000000000000000e+00
3.499999999999999778e-01,1.000000000000000000e+00
3.499999999999999778e-01,1.000000000000000000e+00
3.499999999999999778e-01,1.000000000000000000e+00
3.499999999999999778e-01,1.000000000000000000e+00
3.499999999999999778e-01,1.000000000000000000e+00
3.499999999999999778e-01,1.000000000000000000e+00
3.499999999999999778e-01,1.000000000000000000e+00
3.499999999999999778e-01,1.000000000000000000e+00
3.499999999999999778e-01,1.000000000000000000e+00
3.499999999999999778e-01,1.000000000000000000e+00
3.499999999999999778e-01,1.000000000000000000e+00
3.499999999999999778e-01,1.000000000000000000e+00
3.499999999999999778e-01,1.000000000000000000e+00
3.499999999999999778e-01,1.000000000000000000e+00
3.499999999999999778e-01,1.000000000000000000e+00
3.499999999999999778e-01,1.000000000000000000e+00
-4.400000000000000022e-01,1.000000000000000000e+00
-4.400000000000000022e-01,1.000000000000000000e+00
-4.400000000000000022e-01,1.000000000000000000e+00
-4.400000000000000022e-01,1.000000000000000000e+00
-4.400000000000000022e-01,1.000000000000000000e+00
-4.400000000000000022e-01,1.000000000000000000e+00
-4.400000000000000022e-01,1.000000000000000000e+00
-4.400000000000000022e-01,1.000000000000000000e+00
-4.400000000000000022e-01,1.000000000000000000e+00
-4.400000000000000022e-01,1.000000000000000000e+00
-4.400000000000000022e-01,1.000000000000000000e+00
-4.400000000000000022e-01,1.000000000000000000e+00
3.499999999999999778e-01,1.000000000000000000e+00
3.499999999999999778e-01,1.000000000000000000e+00
3.499999999999999778e-01,1.000000000000000000e+00
3.499999999999999778e-01,1.000000000000000000e+00
3.499999999999999778e-01,1.000000000000000000e+00
3.499999999999999778e-01,1.000000000000000000e+00
3.499999999999999778e-01,1.000000000000000000e+00
-4.400000000000000022e-01,1.000000000000000000e+00
-4.400000000000000022e-01,1.000000000000000000e+00
-4.400000000000000022e-01,1.000000000000000000e+00
-4.400000000000000022e-01,1.000000000000000000e+00
-4.400000000000000022e-01,1.000000000000000000e+00
-4.400000000000000022e-01,1.000000000000000000e+00
4.400000000000000022e-01,0.000000000000000000e+00
4.400000000000000022e-01,0.000000000000000000e+00
4.400000000000000022e-01,0.000000000000000000e+00
4.400000000000000022e-01,0.000000000000000000e+00
4.400000000000000022e-01,0.000000000000000000e+00
4.400000000000000022e-01,0.000000000000000000e+00
4.400000000000000022e-01,0.000000000000000000e+00
4.400000000000000022e-01,0.000000000000000000e+00
4.400000000000000022e-01,0.000000000000000000e+00
4.400000000000000022e-01,0.000000000000000000e+00
4.400000000000000022e-01,0.000000000000000000e+00
4.400000000000000022e-01,0.000000000000000000e+00
4.400000000000000022e-01,0.000000000000000000e+00
4.400000000000000022e-01,0.000000000000000000e+00
4.400000000000000022e-01,0.000000000000000000e+00
1.000000000000000056e-01,1.000000000000000000e+00
4.400000000000000022e-01,1.754227053140096637e-01
3.499999999999999778e-01,1.000000000000000000e+00
3.499999999999999778e-01,1.000000000000000000e+00
3.499999999999999778e-01,1.000000000000000000e+00
3.499999999999999778e-01,1.000000000000000000e+00
3.499999999999999778e-01,1.000000000000000000e+00
3.499999999999999778e-01,1.000000000000000000e+00
3.499999999999999778e-01,1.000000000000000000e+00
3.499999999999999778e-01,1.000000000000000000e+00
-4.400000000000000022e-01,1.000000000000000000e+00
-4.400000000000000022e-01,1.000000000000000000e+00
-4.400000000000000022e-01,1.000000000000000000e+00
-4.400000000000000022e-01,1.000000000000000000e+00
-4.400000000000000022e-01,1.000000000000000000e+00
-4.400000000000000022e-01,1.000000000000000000e+00
3.499999999999999778e-01,1.000000000000000000e+00
3.499999999999999778e-01,1.000000000000000000e+00
3.499999999999999778e-01,1.000000000000000000e+00
3.499999999999999778e-01,1.000000000000000000e+00
3.499999999999999778e-01,1.000000000000000000e+00
3.499999999999999778e-01,1.000000000000000000e+00
3.499999999999999778e-01,1.000000000000000000e+00
3.499999999999999778e-01,1.000000000000000000e+00
3.499999999999999778e-01,1.000000000000000000e+00
3.499999999999999778e-01,1.000000000000000000e+00
3.499999999999999778e-01,1.000000000000000000e+00
3.499999999999999778e-01,1.000000000000000000e+00
3.499999999999999778e-01,1.000000000000000000e+00
3.499999999999999778e-01,1.000000000000000000e+00
3.499999999999999778e-01,1.000000000000000000e+00
3.499999999999999778e-01,1.000000000000000000e+00
3.499999999999999778e-01,1.000000000000000000e+00
3.499999999999999778e-01,1.000000000000000000e+00
3.499999999999999778e-01,1.000000000000000000e+00
3.499999999999999778e-01,1.000000000000000000e+00
3.499999999999999778e-01,1.000000000000000000e+00
3.499999999999999778e-01,1.000000000000000000e+00
3.499999999999999778e-01,1.000000000000000000e+00
3.499999999999999778e-01,1.000000000000000000e+00
3.499999999999999778e-01,1.000000000000000000e+00
3.499999999999999778e-01,1.000000000000000000e+00
3.499999999999999778e-01,1.000000000000000000e+00
3.499999999999999778e-01,1.000000000000000000e+00
3.499999999999999778e-01,1.000000000000000000e+00
3.499999999999999778e-01,1.000000000000000000e+00
3.499999999999999778e-01,1.000000000000000000e+00
3.499999999999999778e-01,1.000000000000000000e+00
3.499999999999999778e-01,1.000000000000000000e+00
3.499999999999999778e-01,1.000000000000000000e+00
3.499999999999999778e-01,1.000000000000000000e+00
3.499999999999999778e-01,1.000000000000000000e+00
3.499999999999999778e-01,1.000000000000000000e+00
3.499999999999999778e-01,1.000000000000000000e+00
3.499999999999999778e-01,1.000000000000000000e+00
3.499999999999999778e-01,1.000000000000000000e+00
3.499999999999999778e-01,1.000000000000000000e+00
3.499999999999999778e-01,1.000000000000000000e+00
3.499999999999999778e-01,1.000000000000000000e+00
3.499999999999999778e-01,1.000000000000000000e+00
3.499999999999999778e-01,1.000000000000000000e+00
3.499999999999999778e-01,1.000000000000000000e+00
3.499999999999999778e-01,1.000000000000000000e+00
3.499999999999999778e-01,1.000000000000000000e+00
3.499999999999999778e-01,1.000000000000000000e+00
3.499999999999999778e-01,1.000000000000000000e+00
3.499999999999999778e-01,1.000000000000000000e+00
3.499999999999999778e-01,1.000000000000000000e+00
3.499999999999999778e-01,1.000000000000000000e+00
3.499999999999999778e-01,1.000000000000000000e+00
3.499999999999999778e-01,1.000000000000000000e+00
3.499999999999999778e-01,1.000000000000000000e+00
3.499999999999999778e-01,1.000000000000000000e+00
3.499999999999999778e-01,1.000000000000000000e+00
3.499999999999999778e-01,1.000000000000000000e+00
3.499999999999999778e-01,1.000000000000000000e+00
3.499999999999999778e-01,1.000000000000000000e+00
3.499999999999999778e-01,1.000000000000000000e+00
3.499999999999999778e-01,1.000000000000000000e+00
3.499999999999999778e-01,1.000000000000000000e+00
3.499999999999999778e-01,1.000000000000000000e+00
-4.400000000000000022e-01,1.000000000000000000e+00
-4.400000000000000022e-01,1.000000000000000000e+00
-4.400000000000000022e-01,1.000000000000000000e+00
-4.400000000000000022e-01,1.000000000000000000e+00
-4.400000000000000022e-01,1.000000000000000000e+00
-4.400000000000000022e-01,1.000000000000000000e+00
3.499999999999999778e-01,1.000000000000000000e+00
3.499999999999999778e-01,1.000000000000000000e+00
-4.400000000000000022e-01,1.000000000000000000e+00
-4.400000000000000022e-01,1.000000000000000000e+00
-4.400000000000000022e-01,1.000000000000000000e+00
-4.400000000000000022e-01,1.000000000000000000e+00
-4.400000000000000022e-01,1.000000000000000000e+00
-4.400000000000000022e-01,1.000000000000000000e+00
3.499999999999999778e-01,1.000000000000000000e+00
3.499999999999999778e-01,1.000000000000000000e+00
3.499999999999999778e-01,1.000000000000000000e+00
3.499999999999999778e-01,1.000000000000000000e+00
-4.400000000000000022e-01,1.000000000000000000e+00
-4.400000000000000022e-01,1.000000000000000000e+00
-4.400000000000000022e-01,1.000000000000000000e+00
-4.400000000000000022e-01,1.000000000000000000e+00
-4.400000000000000022e-01,1.000000000000000000e+00
-4.400000000000000022e-01,1.000000000000000000e+00
3.499999999999999778e-01,1.000000000000000000e+00
3.499999999999999778e-01,1.000000000000000000e+00
3.499999999999999778e-01,1.000000000000000000e+00
3.499999999999999778e-01,1.000000000000000000e+00
3.499999999999999778e-01,1.000000000000000000e+00
3.499999999999999778e-01,1.000000000000000000e+00
3.499999999999999778e-01,1.000000000000000000e+00
3.499999999999999778e-01,1.000000000000000000e+00
3.499999999999999778e-01,1.000000000000000000e+00
-4.400000000000000022e-01,1.000000000000000000e+00
-4.400000000000000022e-01,1.000000000000000000e+00
-4.400000000000000022e-01,1.000000000000000000e+00
-4.400000000000000022e-01,1.000000000000000000e+00
-4.400000000000000022e-01,1.000000000000000000e+00
-4.400000000000000022e-01,1.000000000000000000e+00
3.499999999999999778e-01,1.000000000000000000e+00
3.499999999999999778e-01,1.000000000000000000e+00
3.499999999999999778e-01,1.000000000000000000e+00
