-4.400000000000000022e-01,0.000000000000000000e+00
-4.400000000000000022e-01,0.000000000000000000e+00
1.000000000000000056e-01,-1.000000000000000000e+00
1.000000000000000056e-01,-1.000000000000000000e+00
1.000000000000000056e-01,0.000000000000000000e+00
1.000000000000000056e-01,-1.000000000000000000e+00
1.000000000000000056e-01,-1.000000000000000000e+00
1.000000000000000056e-01,0.000000000000000000e+00
1.000000000000000056e-01,-1.000000000000000000e+00
1.000000000000000056e-01,-1.000000000000000000e+00
1.000000000000000056e-01,0.000000000000000000e+00
1.000000000000000056e-01,-1.000000000000000000e+00
1.000000000000000056e-01,-1.000000000000000000e+00
1.000000000000000056e-01,0.000000000000000000e+00
1.000000000000000056e-01,-1.000000000000000000e+00
1.000000000000000056e-01,-1.000000000000000000e+00
1.000000000000000056e-01,0.000000000000000000e+00
1.000000000000000056e-01,-1.000000000000000000e+00
1.000000000000000056e-01,-1.000000000000000000e+00
1.000000000000000056e-01,0.000000000000000000e+00
1.000000000000000056e-01,-1.000000000000000000e+00
1.000000000000000056e-01,-1.000000000000000000e+00
1.000000000000000056e-01,0.000000000000000000e+00
1.000000000000000056e-01,-1.000000000000000000e+00
1.000000000000000056e-01,-1.000000000000000000e+00
1.000000000000000056e-01,0.000000000000000000e+00
1.000000000000000056e-01,1.000000000000000000e+00
1.000000000000000056e-01,1.000000000000000000e+00
1.000000000000000056e-01,1.000000000000000000e+00
1.000000000000000056e-01,1.000000000000000000e+00
1.000000000000000056e-01,1.000000000000000000e+00
1.000000000000000056e-01,1.000000000000000000e+00
-4.400000000000000022e-01,0.000000000000000000e+00
-4.400000000000000022e-01,0.000000000000000000e+00
1.000000000000000056e-01,1.000000000000000000e+00
-4.400000000000000022e-01,0.000000000000000000e+00
-4.400000000000000022e-01,0.000000000000000000e+00
-4.400000000000000022e-01,0.000000000000000000e+00
1.000000000000000056e-01,1.000000000000000000e+00
4.400000000000000022e-01,1.000000000000000000e+00
4.400000000000000022e-01,-3.362656255021048146e-01
3.499999999999999778e-01,1.000000000000000000e+00
4.400000000000000022e-01,-6.868964368964368683e-01
4.400000000000000022e-01,-3.919475899093008975e-01
3.499999999999999778e-01,1.000000000000000000e+00
8.000000000000000444e-01,-1.000000000000000000e+00
4.400000000000000022e-01,0.000000000000000000e+00
4.400000000000000022e-01,0.000000000000000000e+00
4.400000000000000022e-01,0.000000000000000000e+00
4.400000000000000022e-01,0.000000000000000000e+00
4.400000000000000022e-01,0.000000000000000000e+00
4.400000000000000022e-01,0.000000000000000000e+00
4.400000000000000022e-01,0.000000000000000000e+00
4.400000000000000022e-01,0.000000000000000000e+00
4.400000000000000022e-01,0.000000000000000000e+00
1.000000000000000056e-01,-1.000000000000000000e+00
1.000000000000000056e-01,-1.000000000000000000e+00
1.000000000000000056e-01,0.000000000000000000e+00
1.000000000000000056e-01,-1.000000000000000000e+00
1.000000000000000056e-01,-1.000000000000000000e+00
1.000000000000000056e-01,0.000000000000000000e+00
1.000000000000000056e-01,-1.000000000000000000e+00
1.000000000000000056e-01,-1.000000000000000000e+00
1.000000000000000056e-01,0.000000000000000000e+00
1.000000000000000056e-01,-1.000000000000000000e+00
1.000000000000000056e-01,-1.000000000000000000e+00
1.000000000000000056e-01,0.000000000000000000e+00
1.000000000000000056e-01,-1.000000000000000000e+00
1.000000000000000056e-01,-1.000000000000000000e+00
1.000000000000000056e-01,0.000000000000000000e+00
1.000000000000000056e-01,-1.000000000000000000e+00
1.000000000000000056e-01,-1.000000000000000000e+00
1.000000000000000056e-01,0.000000000000000000e+00
1.000000000000000056e-01,-1.000000000000000000e+00
1.000000000000000056e-01,-1.000000000000000000e+00
1.000000000000000056e-01,0.000000000000000000e+00
1.000000000000000056e-01,-1.000000000000000000e+00
1.000000000000000056e-01,-1.000000000000000000e+00
1.000000000000000056e-01,0.000000000000000000e+00
1.000000000000000056e-01,-1.000000000000000000e+00
1.000000000000000056e-01,-1.000000000000000000e+00
1.000000000000000056e-01,0.000000000000000000e+00
1.000000000000000056e-01,-1.000000000000000000e+00
1.000000000000000056e-01,-1.000000000000000000e+00
1.000000000000000056e-01,0.000000000000000000e+00
1.000000000000000056e-01,-1.000000000000000000e+00
1.000000000000000056e-01,-1.000000000000000000e+00
1.000000000000000056e-01,0.000000000000000000e+00
1.000000000000000056e-01,-1.000000000000000000e+00
1.000000000000000056e-01,-1.000000000000000000e+00
1.000000000000000056e-01,0.000000000000000000e+00
1.000000000000000056e-01,-1.000000000000000000e+00
1.000000000000000056e-01,-1.000000000000000000e+00
1.000000000000000056e-01,0.000000000000000000e+00
1.000000000000000056e-01,-1.000000000000000000e+00
1.000000000000000056e-01,-1.000000000000000000e+00
1.000000000000000056e-01,0.000000000000000000e+00
1.000000000000000056e-01,-1.000000000000000000e+00
1.000000000000000056e-01,-1.000000000000000000e+00
1.000000000000000056e-01,0.000000000000000000e+00
1.000000000000000056e-01,-1.000000000000000000e+00
1.000000000000000056e-01,-1.000000000000000000e+00
1.000000000000000056e-01,0.000000000000000000e+00
8.000000000000000444e-01,1.011363636363636243e+00
8.000000000000000444e-01,6.627906976744185608e-01
8.000000000000000444e-01,-8.144435164213934542e-01
8.000000000000000444e-01,-2.331715752255704155e-01
8.000000000000000444e-01,0.000000000000000000e+00
3.499999999999999778e-01,1.000000000000000000e+00
8.000000000000000444e-01,-8.684192580469175526e-01
8.000000000000000444e-01,1.000000000000000000e+00
3.499999999999999778e-01,1.000000000000000000e+00
4.400000000000000022e-01,-5.422130204738899728e-01
4.400000000000000022e-01,-3.407621061109432636e-01
3.499999999999999778e-01,1.000000000000000000e+00
4.400000000000000022e-01,-6.995906232319275553e-01
4.400000000000000022e-01,-1.302870409455466338e-01
3.499999999999999778e-01,1.000000000000000000e+00
4.400000000000000022e-01,-4.831959706959707002e-01
3.499999999999999778e-01,1.000000000000000000e+00
4.400000000000000022e-01,-6.230158730158730229e-01
4.400000000000000022e-01,-2.653444953418422902e-01
4.400000000000000022e-01,0.000000000000000000e+00
4.400000000000000022e-01,0.000000000000000000e+00
4.400000000000000022e-01,0.000000000000000000e+00
4.400000000000000022e-01,0.000000000000000000e+00
4.400000000000000022e-01,0.000000000000000000e+00
4.400000000000000022e-01,0.000000000000000000e+00
4.400000000000000022e-01,0.000000000000000000e+00
1.000000000000000056e-01,-1.000000000000000000e+00
1.000000000000000056e-01,-1.000000000000000000e+00
1.000000000000000056e-01,0.000000000000000000e+00
1.000000000000000056e-01,-1.000000000000000000e+00
1.000000000000000056e-01,-1.000000000000000000e+00
1.000000000000000056e-01,0.000000000000000000e+00
1.000000000000000056e-01,-1.000000000000000000e+00
1.000000000000000056e-01,-1.000000000000000000e+00
1.000000000000000056e-01,0.000000000000000000e+00
1.000000000000000056e-01,-1.000000000000000000e+00
1.000000000000000056e-01,-1.000000000000000000e+00
1.000000000000000056e-01,0.000000000000000000e+00
1.000000000000000056e-01,-1.000000000000000000e+00
1.000000000000000056e-01,-1.000000000000000000e+00
1.000000000000000056e-01,0.000000000000000000e+00
1.000000000000000056e-01,-1.000000000000000000e+00
1.000000000000000056e-01,-1.000000000000000000e+00
1.000000000000000056e-01,0.000000000000000000e+00
1.000000000000000056e-01,-1.000000000000000000e+00
1.000000000000000056e-01,-1.000000000000000000e+00
1.000000000000000056e-01,0.000000000000000000e+00
1.000000000000000056e-01,-1.000000000000000000e+00
1.000000000000000056e-01,-1.000000000000000000e+00
1.000000000000000056e-01,0.000000000000000000e+00
1.000000000000000056e-01,-1.000000000000000000e+00
1.000000000000000056e-01,-1.000000000000000000e+00
1.000000000000000056e-01,0.000000000000000000e+00
1.000000000000000056e-01,-1.000000000000000000e+00
1.000000000000000056e-01,-1.000000000000000000e+00
1.000000000000000056e-01,0.000000000000000000e+00
1.000000000000000056e-01,-1.000000000000000000e+00
1.000000000000000056e-01,-1.000000000000000000e+00
1.000000000000000056e-01,0.000000000000000000e+00
1.000000000000000056e-01,-1.000000000000000000e+00
1.000000000000000056e-01,-1.000000000000000000e+00
1.000000000000000056e-01,0.000000000000000000e+00
1.000000000000000056e-01,-1.000000000000000000e+00
1.000000000000000056e-01,-1.000000000000000000e+00
1.000000000000000056e-01,0.000000000000000000e+00
1.000000000000000056e-01,-1.000000000000000000e+00
1.000000000000000056e-01,-1.000000000000000000e+00
1.000000000000000056e-01,0.000000000000000000e+00
1.000000000000000056e-01,-1.000000000000000000e+00
1.000000000000000056e-01,-1.000000000000000000e+00
1.000000000000000056e-01,0.000000000000000000e+00
1.000000000000000056e-01,-1.000000000000000000e+00
1.000000000000000056e-01,-1.000000000000000000e+00
1.000000000000000056e-01,0.000000000000000000e+00
4.400000000000000022e-01,-1.102294019453822660e+00
8.000000000000000444e-01,-1.092327376423292806e+00
8.000000000000000444e-01,-3.308997214330733350e-01
8.000000000000000444e-01,-1.842366213737807179e-01
8.000000000000000444e-01,-2.519844097617155443e-01
8.000000000000000444e-01,-9.366356624663796371e-02
8.000000000000000444e-01,7.356353257143011248e-04
8.000000000000000444e-01,-1.183428675832542964e-02
8.000000000000000444e-01,-8.462562171502663322e-01
8.000000000000000444e-01,-1.548357903461808904e-01
8.000000000000000444e-01,-4.068716094032587272e-03
8.000000000000000444e-01,6.552631578947368807e-01
8.000000000000000444e-01,-9.195402298850575695e-01
8.000000000000000444e-01,1.019736842105263275e+00
8.000000000000000444e-01,-2.642708224032486175e-02
8.000000000000000444e-01,1.020578455361065284e-01
8.000000000000000444e-01,-9.449541284403669694e-01
4.400000000000000022e-01,0.000000000000000000e+00
8.000000000000000444e-01,1.152692895339954227e+00
8.000000000000000444e-01,-1.731606678093067231e-02
8.000000000000000444e-01,9.441172910488411230e-01
8.000000000000000444e-01,6.189648943856518315e-02
8.000000000000000444e-01,2.574238459186354300e-01
8.000000000000000444e-01,2.443503882564763696e-01
8.000000000000000444e-01,2.794559022175673313e-01
8.000000000000000444e-01,2.673868220700651444e-01
8.000000000000000444e-01,-8.455802111393574405e-01
8.000000000000000444e-01,2.119836155865157945e-01
8.000000000000000444e-01,-8.618472142825381876e-01
8.000000000000000444e-01,-8.584555183257686073e-01
8.000000000000000444e-01,7.202797202797203147e-01
8.000000000000000444e-01,1.162875252742082699e-01
8.000000000000000444e-01,-8.506790428989282615e-01
8.000000000000000444e-01,1.045112010220881071e+00
8.000000000000000444e-01,1.873382548626377764e-01
1.000000000000000056e-01,1.878180612861328758e-01
1.000000000000000056e-01,1.855448374707198145e-01
1.000000000000000056e-01,1.322878543208332314e-01
1.000000000000000056e-01,7.327144316217515385e-02
1.000000000000000056e-01,6.709981335511483458e-02
1.000000000000000056e-01,1.652523680930598760e-01
1.000000000000000056e-01,1.088196077275349616e-02
1.000000000000000056e-01,-9.348545693197665152e-01
1.000000000000000056e-01,1.553882368879938580e-01
1.000000000000000056e-01,1.193966407547223385e-01
1.000000000000000056e-01,1.401753125129920896e-01
1.000000000000000056e-01,1.326316453981959409e-01
1.000000000000000056e-01,9.832301559472866881e-02
1.000000000000000056e-01,1.081183469385957885e-01
1.000000000000000056e-01,1.076213881014211893e-01
1.000000000000000056e-01,4.212200196515547557e-02
1.000000000000000056e-01,5.083797642313347964e-02
1.000000000000000056e-01,8.482712268639780451e-02
1.000000000000000056e-01,1.383933889685051710e-02
1.000000000000000056e-01,1.407170159470833015e-01
1.000000000000000056e-01,1.813429261258313607e-01
1.000000000000000056e-01,1.582918085221185489e-01
1.000000000000000056e-01,-3.509037678325754861e-02
1.000000000000000056e-01,1.265858457741075860e-02
1.000000000000000056e-01,-8.954066652118123359e-01
1.000000000000000056e-01,6.254901430600423584e-02
1.000000000000000056e-01,5.691481686638399928e-02
1.000000000000000056e-01,4.715132154513135276e-02
1.000000000000000056e-01,3.760743551578404897e-02
1.000000000000000056e-01,9.802256732314917897e-02
1.000000000000000056e-01,3.080823277251831804e-02
1.000000000000000056e-01,-1.614702225610897823e-02
1.000000000000000056e-01,-2.205515429873106115e-02
1.000000000000000056e-01,-9.007616683248937939e-01
1.000000000000000056e-01,1.450577521939536707e-01
1.000000000000000056e-01,8.902221673205434893e-02
1.000000000000000056e-01,-8.960076424478525814e-01
1.000000000000000056e-01,9.301309176152727787e-02
1.000000000000000056e-01,2.172259071105414607e-01
1.000000000000000056e-01,4.827313363692731230e-02
1.000000000000000056e-01,5.821115944511623397e-03
1.000000000000000056e-01,-1.554585742972909301e-01
1.000000000000000056e-01,1.800935371953835684e-01
1.000000000000000056e-01,-7.311734158011437001e-01
1.000000000000000056e-01,1.695950667648780108e-01
1.000000000000000056e-01,1.333333333333333037e-01
1.000000000000000056e-01,1.977554703239493561e-01
1.000000000000000056e-01,2.538772798157704624e-01
1.000000000000000056e-01,2.284094517905179700e-01
1.000000000000000056e-01,1.059013334673843953e-01
1.000000000000000056e-01,1.923958885879938352e-01
1.000000000000000056e-01,9.274273334229932164e-02
1.000000000000000056e-01,-8.140243002773811520e-01
1.000000000000000056e-01,1.566344406100999009e-01
1.000000000000000056e-01,-7.439330120951795910e-01
1.000000000000000056e-01,-8.230201429499675037e-01
1.000000000000000056e-01,8.783086649761078224e-01
1.000000000000000056e-01,1.618839765062174418e-01
1.000000000000000056e-01,1.790880253020643575e-01
1.000000000000000056e-01,-8.322196016771488125e-01
1.000000000000000056e-01,7.007299270072993025e-01
1.000000000000000056e-01,2.341304574030790286e-01
1.000000000000000056e-01,2.494898677174217649e-01
1.000000000000000056e-01,2.058613876038438706e-01
1.000000000000000056e-01,-7.211209212225354603e-01
1.000000000000000056e-01,2.275215268636321397e-01
1.000000000000000056e-01,2.153438257701058012e-01
1.000000000000000056e-01,1.991824561705120011e-01
1.000000000000000056e-01,-7.548535536506882915e-01
1.000000000000000056e-01,-8.252488390203143176e-01
1.000000000000000056e-01,7.159090909090909394e-01
1.000000000000000056e-01,1.745078126233674531e-01
1.000000000000000056e-01,1.102941176470587648e-01
1.000000000000000056e-01,-8.802008608321376659e-01
1.000000000000000056e-01,0.000000000000000000e+00
1.000000000000000056e-01,1.080120317199890767e+00
1.000000000000000056e-01,1.729777538947070425e-01
1.000000000000000056e-01,1.077192551687352617e-01
1.000000000000000056e-01,2.293925549181993206e-01
1.000000000000000056e-01,-8.676089456212460194e-01
1.000000000000000056e-01,1.470588235294117974e-01
1.000000000000000056e-01,2.435897435897436125e-01
1.000000000000000056e-01,-8.740948694181914780e-01
1.000000000000000056e-01,2.035637685288477217e-01
1.000000000000000056e-01,7.239583333333333703e-01
1.000000000000000056e-01,2.187551191650620730e-01
1.000000000000000056e-01,6.831016605576423206e-02
1.000000000000000056e-01,2.643060759732439591e-01
1.000000000000000056e-01,1.477781810461920031e-01
1.000000000000000056e-01,2.086210670411952073e-01
1.000000000000000056e-01,2.162087445489202508e-01
1.000000000000000056e-01,1.872495928357987838e-01
1.000000000000000056e-01,1.888429068920579601e-01
1.000000000000000056e-01,1.990260835047800159e-01
1.000000000000000056e-01,-8.248288867441602168e-01
1.000000000000000056e-01,1.796785313356050739e-01
1.000000000000000056e-01,2.429839076233637485e-01
1.000000000000000056e-01,-8.467685933322430802e-01
1.000000000000000056e-01,1.717714485820025505e-01
1.000000000000000056e-01,1.631464909646245243e-01
1.000000000000000056e-01,1.293328522844848782e-01
1.000000000000000056e-01,1.324976468845641131e-01
1.000000000000000056e-01,1.000574712643679254e-01
1.000000000000000056e-01,1.339351326232319783e-01
1.000000000000000056e-01,-8.865901223638571471e-01
1.000000000000000056e-01,1.940571851914982826e-01
1.000000000000000056e-01,2.322221215689823648e-02
1.000000000000000056e-01,2.355278019176955118e-01
1.000000000000000056e-01,1.492227886954122784e-01
1.000000000000000056e-01,1.098014872089241312e-01
1.000000000000000056e-01,1.241442396609234722e-01
1.000000000000000056e-01,1.344230655509274230e-01
1.000000000000000056e-01,8.503432734838645146e-02
1.000000000000000056e-01,2.504694441134547311e-03
1.000000000000000056e-01,8.156069741821980745e-02
1.000000000000000056e-01,1.462736723425619445e-01
1.000000000000000056e-01,3.952885726997934501e-02
1.000000000000000056e-01,-8.449787040880096800e-01
1.000000000000000056e-01,9.059923363382793582e-02
1.000000000000000056e-01,1.402846061784717158e-01
1.000000000000000056e-01,6.270123213924239103e-02
1.000000000000000056e-01,5.335184314174212794e-02
1.000000000000000056e-01,3.298518900316393943e-02
1.000000000000000056e-01,9.876992232836556695e-02
1.000000000000000056e-01,4.906489675407288420e-02
1.000000000000000056e-01,-5.179127854978304857e-02
1.000000000000000056e-01,1.711663044508604514e-02
1.000000000000000056e-01,6.383204763384908720e-02
1.000000000000000056e-01,5.642745283612171647e-02
1.000000000000000056e-01,-1.869835696516131129e-02
1.000000000000000056e-01,-7.809676665929921047e-02
1.000000000000000056e-01,-9.206434280714238527e-01
1.000000000000000056e-01,-2.197365616106217168e-02
1.000000000000000056e-01,1.078658180624930685e-01
1.000000000000000056e-01,6.681084887310040354e-02
1.000000000000000056e-01,9.842109854323111140e-02
1.000000000000000056e-01,6.567148210806328379e-02
1.000000000000000056e-01,6.123893699026328186e-03
1.000000000000000056e-01,5.682877254104534703e-02
1.000000000000000056e-01,-6.152391617997488016e-02
1.000000000000000056e-01,-3.175411731873190035e-02
1.000000000000000056e-01,-1.709196466308104956e-02
1.000000000000000056e-01,-3.040704977765473771e-02
1.000000000000000056e-01,-2.781323000321378469e-02
1.000000000000000056e-01,9.023358116120350214e-02
1.000000000000000056e-01,4.051296181041130762e-02
1.000000000000000056e-01,-4.436599917566996787e-02
1.000000000000000056e-01,-2.336877218463728756e-02
1.000000000000000056e-01,-9.824618752316048864e-01
1.000000000000000056e-01,-8.883357834719517454e-01
1.000000000000000056e-01,8.265646258503400734e-01
1.000000000000000056e-01,1.732422772951670575e-01
1.000000000000000056e-01,1.709402551741742160e-01
1.000000000000000056e-01,1.123584826148060767e-01
1.000000000000000056e-01,1.102230377076779400e-01
1.000000000000000056e-01,1.647144944561684810e-02
1.000000000000000056e-01,4.101362363576277481e-03
1.000000000000000056e-01,4.781133398154968628e-02
1.000000000000000056e-01,5.567958173919229647e-02
1.000000000000000056e-01,2.137174770471413909e-01
1.000000000000000056e-01,-9.144066032425701707e-02
1.000000000000000056e-01,5.059636894802599372e-02
1.000000000000000056e-01,8.294267474350935920e-02
1.000000000000000056e-01,8.290835362117432439e-02
1.000000000000000056e-01,-8.528929706749678319e-01
1.000000000000000056e-01,3.006270447366343745e-02
1.000000000000000056e-01,1.000000000000000000e+00
1.000000000000000056e-01,2.168190674942993557e-02
1.000000000000000056e-01,6.746864072547698044e-02
1.000000000000000056e-01,-3.304646350851470071e-02
1.000000000000000056e-01,2.908947281423213127e-03
1.000000000000000056e-01,-2.306434674369994831e-02
1.000000000000000056e-01,8.188682798778212923e-02
1.000000000000000056e-01,1.983918625120512091e-01
1.000000000000000056e-01,-9.582954457638348522e-01
1.000000000000000056e-01,1.644319252072735660e-01
1.000000000000000056e-01,-8.355042676973497562e-01
1.000000000000000056e-01,-7.530181725759308442e-01
1.000000000000000056e-01,-1.118791602662571050e-01
1.000000000000000056e-01,8.072891557723392841e-01
1.000000000000000056e-01,1.708857208648343340e-01
1.000000000000000056e-01,1.588235294117646967e-01
1.000000000000000056e-01,-8.132427587176602746e-01
1.000000000000000056e-01,1.159420289855072062e-01
1.000000000000000056e-01,9.941685765215176884e-01
1.000000000000000056e-01,-8.704039208195750721e-01
1.000000000000000056e-01,1.525153609831029211e-01
1.000000000000000056e-01,-9.094634873323397262e-01
1.000000000000000056e-01,6.838235294117647189e-01
1.000000000000000056e-01,-9.120000000000000329e-01
1.000000000000000056e-01,7.707520824305454932e-01
1.000000000000000056e-01,-2.036329201101928499e-01
1.000000000000000056e-01,1.032967032967033072e+00
1.000000000000000056e-01,-9.101123595505618002e-01
1.000000000000000056e-01,0.000000000000000000e+00
1.000000000000000056e-01,1.031128404669260590e+00
1.000000000000000056e-01,1.962694168576522014e-01
1.000000000000000056e-01,-8.560836441165164956e-01
1.000000000000000056e-01,-3.570829050002788385e-02
1.000000000000000056e-01,1.054580817699258821e-01
8.000000000000000444e-01,1.761888755502202253e-01
8.000000000000000444e-01,1.024984237074402227e-01
8.000000000000000444e-01,1.674590246995907306e-01
8.000000000000000444e-01,-9.039271196283391596e-01
4.400000000000000022e-01,0.000000000000000000e+00
8.000000000000000444e-01,1.101449275362318847e+00
8.000000000000000444e-01,2.073942156718010521e-01
8.000000000000000444e-01,1.092592592592592560e+00
8.000000000000000444e-01,3.603391013585990343e-01
8.000000000000000444e-01,2.270492667834130840e-01
8.000000000000000444e-01,8.701480229497671193e-02
4.400000000000000022e-01,-8.063192572626535215e-01
4.400000000000000022e-01,-7.033314554739601432e-01
4.400000000000000022e-01,-4.781250000000000222e-01
3.499999999999999778e-01,1.000000000000000000e+00
4.400000000000000022e-01,-4.248380489189312326e-01
3.499999999999999778e-01,1.000000000000000000e+00
4.400000000000000022e-01,-7.233373731252841221e-01
4.400000000000000022e-01,-4.785157200873522698e-01
3.499999999999999778e-01,1.000000000000000000e+00
4.400000000000000022e-01,-2.197035745422842024e-01
3.499999999999999778e-01,1.000000000000000000e+00
4.400000000000000022e-01,-3.092783505154639290e-01
3.499999999999999778e-01,1.000000000000000000e+00
4.400000000000000022e-01,-5.815139699010667407e-01
4.400000000000000022e-01,-5.279920880988470122e-01
4.400000000000000022e-01,-2.878922399317749292e-01
4.400000000000000022e-01,0.000000000000000000e+00
4.400000000000000022e-01,0.000000000000000000e+00
4.400000000000000022e-01,0.000000000000000000e+00
4.400000000000000022e-01,0.000000000000000000e+00
1.000000000000000056e-01,-1.000000000000000000e+00
1.000000000000000056e-01,-1.000000000000000000e+00
1.000000000000000056e-01,0.000000000000000000e+00
1.000000000000000056e-01,-1.000000000000000000e+00
1.000000000000000056e-01,-1.000000000000000000e+00
1.000000000000000056e-01,0.000000000000000000e+00
1.000000000000000056e-01,-1.000000000000000000e+00
1.000000000000000056e-01,-1.000000000000000000e+00
1.000000000000000056e-01,0.000000000000000000e+00
1.000000000000000056e-01,-1.000000000000000000e+00
1.000000000000000056e-01,-1.000000000000000000e+00
1.000000000000000056e-01,0.000000000000000000e+00
1.000000000000000056e-01,-1.000000000000000000e+00
1.000000000000000056e-01,-1.000000000000000000e+00
1.000000000000000056e-01,0.000000000000000000e+00
1.000000000000000056e-01,-1.000000000000000000e+00
1.000000000000000056e-01,-1.000000000000000000e+00
1.000000000000000056e-01,0.000000000000000000e+00
1.000000000000000056e-01,-1.000000000000000000e+00
1.000000000000000056e-01,-1.000000000000000000e+00
1.000000000000000056e-01,0.000000000000000000e+00
1.000000000000000056e-01,-1.000000000000000000e+00
1.000000000000000056e-01,-1.000000000000000000e+00
1.000000000000000056e-01,0.000000000000000000e+00
1.000000000000000056e-01,-1.000000000000000000e+00
1.000000000000000056e-01,-1.000000000000000000e+00
1.000000000000000056e-01,0.000000000000000000e+00
1.000000000000000056e-01,-1.000000000000000000e+00
1.000000000000000056e-01,-1.000000000000000000e+00
1.000000000000000056e-01,0.000000000000000000e+00
1.000000000000000056e-01,-1.000000000000000000e+00
1.000000000000000056e-01,-1.000000000000000000e+00
1.000000000000000056e-01,0.000000000000000000e+00
1.000000000000000056e-01,-1.000000000000000000e+00
1.000000000000000056e-01,-1.000000000000000000e+00
1.000000000000000056e-01,0.000000000000000000e+00
1.000000000000000056e-01,-1.000000000000000000e+00
1.000000000000000056e-01,-1.000000000000000000e+00
1.000000000000000056e-01,0.000000000000000000e+00
1.000000000000000056e-01,-1.000000000000000000e+00
1.000000000000000056e-01,-1.000000000000000000e+00
1.000000000000000056e-01,0.000000000000000000e+00
1.000000000000000056e-01,-1.000000000000000000e+00
1.000000000000000056e-01,-1.000000000000000000e+00
1.000000000000000056e-01,0.000000000000000000e+00
1.000000000000000056e-01,-1.000000000000000000e+00
1.000000000000000056e-01,-1.000000000000000000e+00
1.000000000000000056e-01,0.000000000000000000e+00
4.400000000000000022e-01,-4.666666666666666741e-01
4.400000000000000022e-01,0.000000000000000000e+00
4.400000000000000022e-01,0.000000000000000000e+00
1.000000000000000056e-01,-1.000000000000000000e+00
1.000000000000000056e-01,-1.000000000000000000e+00
1.000000000000000056e-01,0.000000000000000000e+00
1.000000000000000056e-01,-1.000000000000000000e+00
1.000000000000000056e-01,-1.000000000000000000e+00
1.000000000000000056e-01,0.000000000000000000e+00
1.000000000000000056e-01,-1.000000000000000000e+00
1.000000000000000056e-01,-1.000000000000000000e+00
1.000000000000000056e-01,0.000000000000000000e+00
1.000000000000000056e-01,-1.000000000000000000e+00
1.000000000000000056e-01,-1.000000000000000000e+00
1.000000000000000056e-01,0.000000000000000000e+00
1.000000000000000056e-01,-1.000000000000000000e+00
1.000000000000000056e-01,-1.000000000000000000e+00
1.000000000000000056e-01,0.000000000000000000e+00
1.000000000000000056e-01,-1.000000000000000000e+00
1.000000000000000056e-01,-1.000000000000000000e+00
1.000000000000000056e-01,0.000000000000000000e+00
1.000000000000000056e-01,-1.000000000000000000e+00
1.000000000000000056e-01,-1.000000000000000000e+00
1.000000000000000056e-01,0.000000000000000000e+00
1.000000000000000056e-01,-1.000000000000000000e+00
1.000000000000000056e-01,-1.000000000000000000e+00
1.000000000000000056e-01,0.000000000000000000e+00
1.000000000000000056e-01,-1.000000000000000000e+00
1.000000000000000056e-01,-1.000000000000000000e+00
1.000000000000000056e-01,0.000000000000000000e+00
1.000000000000000056e-01,-1.000000000000000000e+00
1.000000000000000056e-01,-1.000000000000000000e+00
1.000000000000000056e-01,0.000000000000000000e+00
1.000000000000000056e-01,-1.000000000000000000e+00
1.000000000000000056e-01,-1.000000000000000000e+00
1.000000000000000056e-01,0.000000000000000000e+00
1.000000000000000056e-01,-1.000000000000000000e+00
1.000000000000000056e-01,-1.000000000000000000e+00
1.000000000000000056e-01,0.000000000000000000e+00
1.000000000000000056e-01,-1.000000000000000000e+00
1.000000000000000056e-01,-1.000000000000000000e+00
1.000000000000000056e-01,0.000000000000000000e+00
1.000000000000000056e-01,-1.000000000000000000e+00
1.000000000000000056e-01,-1.000000000000000000e+00
1.000000000000000056e-01,0.000000000000000000e+00
1.000000000000000056e-01,-1.000000000000000000e+00
1.000000000000000056e-01,-1.000000000000000000e+00
1.000000000000000056e-01,0.000000000000000000e+00
1.000000000000000056e-01,-1.000000000000000000e+00
1.000000000000000056e-01,-1.000000000000000000e+00
1.000000000000000056e-01,0.000000000000000000e+00
4.400000000000000022e-01,7.142857142857142461e-02
4.400000000000000022e-01,0.000000000000000000e+00
4.400000000000000022e-01,0.000000000000000000e+00
4.400000000000000022e-01,0.000000000000000000e+00
3.499999999999999778e-01,1.000000000000000000e+00
3.499999999999999778e-01,1.000000000000000000e+00
3.499999999999999778e-01,1.000000000000000000e+00
3.499999999999999778e-01,1.000000000000000000e+00
4.400000000000000022e-01,0.000000000000000000e+00
3.499999999999999778e-01,1.000000000000000000e+00
3.499999999999999778e-01,1.000000000000000000e+00
3.499999999999999778e-01,1.000000000000000000e+00
3.499999999999999778e-01,1.000000000000000000e+00
3.499999999999999778e-01,1.000000000000000000e+00
3.499999999999999778e-01,1.000000000000000000e+00
3.499999999999999778e-01,1.000000000000000000e+00
3.499999999999999778e-01,1.000000000000000000e+00
3.499999999999999778e-01,1.000000000000000000e+00
3.499999999999999778e-01,1.000000000000000000e+00
3.499999999999999778e-01,1.000000000000000000e+00
3.499999999999999778e-01,1.000000000000000000e+00
3.499999999999999778e-01,1.000000000000000000e+00
3.499999999999999778e-01,1.000000000000000000e+00
3.499999999999999778e-01,1.000000000000000000e+00
4.400000000000000022e-01,0.000000000000000000e+00
3.499999999999999778e-01,1.000000000000000000e+00
4.400000000000000022e-01,0.000000000000000000e+00
3.499999999999999778e-01,1.000000000000000000e+00
4.400000000000000022e-01,0.000000000000000000e+00
3.499999999999999778e-01,1.000000000000000000e+00
4.400000000000000022e-01,0.000000000000000000e+00
4.400000000000000022e-01,0.000000000000000000e+00
3.499999999999999778e-01,1.000000000000000000e+00
4.400000000000000022e-01,0.000000000000000000e+00
8.000000000000000444e-01,0.000000000000000000e+00
3.499999999999999778e-01,1.000000000000000000e+00
4.400000000000000022e-01,0.000000000000000000e+00
3.499999999999999778e-01,1.000000000000000000e+00
8.000000000000000444e-01,5.124378109452736307e-01
4.400000000000000022e-01,0.000000000000000000e+00
8.000000000000000444e-01,7.046806755517744936e-01
8.000000000000000444e-01,6.876474876032223627e-01
8.000000000000000444e-01,5.695536459722043698e-01
4.400000000000000022e-01,0.000000000000000000e+00
8.000000000000000444e-01,4.547948211542681696e-01
4.400000000000000022e-01,0.000000000000000000e+00
4.400000000000000022e-01,0.000000000000000000e+00
4.400000000000000022e-01,0.000000000000000000e+00
8.000000000000000444e-01,5.681818181818181629e-02
3.499999999999999778e-01,1.000000000000000000e+00
4.400000000000000022e-01,0.000000000000000000e+00
4.400000000000000022e-01,0.000000000000000000e+00
3.499999999999999778e-01,1.000000000000000000e+00
4.400000000000000022e-01,0.000000000000000000e+00
3.499999999999999778e-01,1.000000000000000000e+00
4.400000000000000022e-01,0.000000000000000000e+00
3.499999999999999778e-01,1.000000000000000000e+00
4.400000000000000022e-01,0.000000000000000000e+00
4.400000000000000022e-01,0.000000000000000000e+00
3.499999999999999778e-01,1.000000000000000000e+00
3.499999999999999778e-01,1.000000000000000000e+00
4.400000000000000022e-01,0.000000000000000000e+00
3.499999999999999778e-01,1.000000000000000000e+00
3.499999999999999778e-01,1.000000000000000000e+00
3.499999999999999778e-01,1.000000000000000000e+00
3.499999999999999778e-01,1.000000000000000000e+00
3.499999999999999778e-01,1.000000000000000000e+00
3.499999999999999778e-01,1.000000000000000000e+00
3.499999999999999778e-01,1.000000000000000000e+00
3.499999999999999778e-01,1.000000000000000000e+00
3.499999999999999778e-01,1.000000000000000000e+00
3.499999999999999778e-01,1.000000000000000000e+00
3.499999999999999778e-01,1.000000000000000000e+00
3.499999999999999778e-01,1.000000000000000000e+00
3.499999999999999778e-01,1.000000000000000000e+00
3.499999999999999778e-01,1.000000000000000000e+00
3.499999999999999778e-01,1.000000000000000000e+00
3.499999999999999778e-01,1.000000000000000000e+00
3.499999999999999778e-01,1.000000000000000000e+00
3.499999999999999778e-01,1.000000000000000000e+00
3.499999999999999778e-01,1.000000000000000000e+00
3.499999999999999778e-01,1.000000000000000000e+00
3.499999999999999778e-01,1.000000000000000000e+00
3.499999999999999778e-01,1.000000000000000000e+00
4.400000000000000022e-01,0.000000000000000000e+00
4.400000000000000022e-01,-2.936073728782961356e-01
4.400000000000000022e-01,0.000000000000000000e+00
4.400000000000000022e-01,0.000000000000000000e+00
4.400000000000000022e-01,0.000000000000000000e+00
4.400000000000000022e-01,0.000000000000000000e+00
4.400000000000000022e-01,0.000000000000000000e+00
4.400000000000000022e-01,0.000000000000000000e+00
4.400000000000000022e-01,0.000000000000000000e+00
4.400000000000000022e-01,0.000000000000000000e+00
4.400000000000000022e-01,0.000000000000000000e+00
1.000000000000000056e-01,-1.000000000000000000e+00
1.000000000000000056e-01,-1.000000000000000000e+00
1.000000000000000056e-01,0.000000000000000000e+00
1.000000000000000056e-01,-1.000000000000000000e+00
1.000000000000000056e-01,-1.000000000000000000e+00
1.000000000000000056e-01,0.000000000000000000e+00
1.000000000000000056e-01,-1.000000000000000000e+00
1.000000000000000056e-01,-1.000000000000000000e+00
1.000000000000000056e-01,0.000000000000000000e+00
1.000000000000000056e-01,-1.000000000000000000e+00
1.000000000000000056e-01,-1.000000000000000000e+00
1.000000000000000056e-01,0.000000000000000000e+00
1.000000000000000056e-01,-1.000000000000000000e+00
1.000000000000000056e-01,-1.000000000000000000e+00
1.000000000000000056e-01,0.000000000000000000e+00
1.000000000000000056e-01,-1.000000000000000000e+00
1.000000000000000056e-01,-1.000000000000000000e+00
1.000000000000000056e-01,0.000000000000000000e+00
1.000000000000000056e-01,-1.000000000000000000e+00
1.000000000000000056e-01,-1.000000000000000000e+00
1.000000000000000056e-01,0.000000000000000000e+00
1.000000000000000056e-01,-1.000000000000000000e+00
1.000000000000000056e-01,-1.000000000000000000e+00
1.000000000000000056e-01,0.000000000000000000e+00
4.400000000000000022e-01,-4.664592094196803873e-01
4.400000000000000022e-01,0.000000000000000000e+00
4.400000000000000022e-01,0.000000000000000000e+00
1.000000000000000056e-01,-1.000000000000000000e+00
1.000000000000000056e-01,-1.000000000000000000e+00
1.000000000000000056e-01,0.000000000000000000e+00
1.000000000000000056e-01,-1.000000000000000000e+00
1.000000000000000056e-01,-1.000000000000000000e+00
1.000000000000000056e-01,0.000000000000000000e+00
1.000000000000000056e-01,-1.000000000000000000e+00
1.000000000000000056e-01,-1.000000000000000000e+00
1.000000000000000056e-01,0.000000000000000000e+00
1.000000000000000056e-01,-1.000000000000000000e+00
1.000000000000000056e-01,-1.000000000000000000e+00
1.000000000000000056e-01,0.000000000000000000e+00
1.000000000000000056e-01,-1.000000000000000000e+00
1.000000000000000056e-01,-1.000000000000000000e+00
1.000000000000000056e-01,0.000000000000000000e+00
1.000000000000000056e-01,-1.000000000000000000e+00
1.000000000000000056e-01,-1.000000000000000000e+00
1.000000000000000056e-01,0.000000000000000000e+00
1.000000000000000056e-01,-1.000000000000000000e+00
1.000000000000000056e-01,-1.000000000000000000e+00
1.000000000000000056e-01,0.000000000000000000e+00
1.000000000000000056e-01,-1.000000000000000000e+00
1.000000000000000056e-01,-1.000000000000000000e+00
1.000000000000000056e-01,0.000000000000000000e+00
8.000000000000000444e-01,1.000000000000000000e+00
3.499999999999999778e-01,1.000000000000000000e+00
3.499999999999999778e-01,1.000000000000000000e+00
3.499999999999999778e-01,1.000000000000000000e+00
3.499999999999999778e-01,1.000000000000000000e+00
3.499999999999999778e-01,1.000000000000000000e+00
4.400000000000000022e-01,0.000000000000000000e+00
8.000000000000000444e-01,2.825568262651219076e-01
8.000000000000000444e-01,3.205373086540735938e-01
8.000000000000000444e-01,4.960566139334521285e-01
8.000000000000000444e-01,5.632624573288523839e-01
8.000000000000000444e-01,4.089670363253907759e-01
8.000000000000000444e-01,-7.349090621993074057e-01
8.000000000000000444e-01,3.085039233094937217e-01
8.000000000000000444e-01,3.370611200693111043e-01
8.000000000000000444e-01,-8.577274931109850620e-01
8.000000000000000444e-01,1.465378649606616790e-01
8.000000000000000444e-01,2.455461393847251372e-01
8.000000000000000444e-01,2.028485489005399378e-01
8.000000000000000444e-01,-8.551604698602495169e-01
8.000000000000000444e-01,2.279923621611893436e-01
8.000000000000000444e-01,-8.170520278442963136e-01
8.000000000000000444e-01,3.059262651341527750e-01
8.000000000000000444e-01,6.202342047930275992e-02
8.000000000000000444e-01,9.613884749470102964e-02
4.400000000000000022e-01,-7.887544901906604622e-01
8.000000000000000444e-01,1.000000000000000000e+00
3.499999999999999778e-01,1.000000000000000000e+00
4.400000000000000022e-01,-7.372434017595307365e-01
4.400000000000000022e-01,-5.877655677655677646e-01
4.400000000000000022e-01,-4.458480698676777210e-01
3.499999999999999778e-01,1.000000000000000000e+00
4.400000000000000022e-01,-6.510751327134923772e-01
4.400000000000000022e-01,-3.877106140264035550e-01
4.400000000000000022e-01,0.000000000000000000e+00
4.400000000000000022e-01,0.000000000000000000e+00
4.400000000000000022e-01,0.000000000000000000e+00
4.400000000000000022e-01,0.000000000000000000e+00
4.400000000000000022e-01,0.000000000000000000e+00
4.400000000000000022e-01,0.000000000000000000e+00
4.400000000000000022e-01,0.000000000000000000e+00
4.400000000000000022e-01,0.000000000000000000e+00
4.400000000000000022e-01,0.000000000000000000e+00
1.000000000000000056e-01,-1.000000000000000000e+00
1.000000000000000056e-01,-1.000000000000000000e+00
1.000000000000000056e-01,0.000000000000000000e+00
1.000000000000000056e-01,-1.000000000000000000e+00
1.000000000000000056e-01,-1.000000000000000000e+00
1.000000000000000056e-01,0.000000000000000000e+00
1.000000000000000056e-01,-1.000000000000000000e+00
1.000000000000000056e-01,-1.000000000000000000e+00
1.000000000000000056e-01,0.000000000000000000e+00
1.000000000000000056e-01,-1.000000000000000000e+00
1.000000000000000056e-01,-1.000000000000000000e+00
1.000000000000000056e-01,0.000000000000000000e+00
1.000000000000000056e-01,-1.000000000000000000e+00
1.000000000000000056e-01,-1.000000000000000000e+00
1.000000000000000056e-01,0.000000000000000000e+00
1.000000000000000056e-01,-1.000000000000000000e+00
1.000000000000000056e-01,-1.000000000000000000e+00
1.000000000000000056e-01,0.000000000000000000e+00
1.000000000000000056e-01,-1.000000000000000000e+00
1.000000000000000056e-01,-1.000000000000000000e+00
1.000000000000000056e-01,0.000000000000000000e+00
1.000000000000000056e-01,-1.000000000000000000e+00
1.000000000000000056e-01,-1.000000000000000000e+00
1.000000000000000056e-01,0.000000000000000000e+00
1.000000000000000056e-01,-1.000000000000000000e+00
1.000000000000000056e-01,-1.000000000000000000e+00
1.000000000000000056e-01,0.000000000000000000e+00
1.000000000000000056e-01,-1.000000000000000000e+00
1.000000000000000056e-01,-1.000000000000000000e+00
1.000000000000000056e-01,0.000000000000000000e+00
1.000000000000000056e-01,-1.000000000000000000e+00
1.000000000000000056e-01,-1.000000000000000000e+00
1.000000000000000056e-01,0.000000000000000000e+00
1.000000000000000056e-01,-1.000000000000000000e+00
1.000000000000000056e-01,-1.000000000000000000e+00
1.000000000000000056e-01,0.000000000000000000e+00
1.000000000000000056e-01,-1.000000000000000000e+00
1.000000000000000056e-01,-1.000000000000000000e+00
1.000000000000000056e-01,0.000000000000000000e+00
1.000000000000000056e-01,-1.000000000000000000e+00
1.000000000000000056e-01,-1.000000000000000000e+00
1.000000000000000056e-01,0.000000000000000000e+00
1.000000000000000056e-01,-1.000000000000000000e+00
1.000000000000000056e-01,-1.000000000000000000e+00
1.000000000000000056e-01,0.000000000000000000e+00
1.000000000000000056e-01,-1.000000000000000000e+00
1.000000000000000056e-01,-1.000000000000000000e+00
1.000000000000000056e-01,0.000000000000000000e+00
4.400000000000000022e-01,-1.500981118689847238e-01
4.400000000000000022e-01,0.000000000000000000e+00
1.000000000000000056e-01,-1.000000000000000000e+00
1.000000000000000056e-01,-1.000000000000000000e+00
1.000000000000000056e-01,0.000000000000000000e+00
1.000000000000000056e-01,-1.000000000000000000e+00
1.000000000000000056e-01,-1.000000000000000000e+00
1.000000000000000056e-01,0.000000000000000000e+00
1.000000000000000056e-01,-1.000000000000000000e+00
1.000000000000000056e-01,-1.000000000000000000e+00
1.000000000000000056e-01,0.000000000000000000e+00
1.000000000000000056e-01,-1.000000000000000000e+00
1.000000000000000056e-01,-1.000000000000000000e+00
1.000000000000000056e-01,0.000000000000000000e+00
1.000000000000000056e-01,-1.000000000000000000e+00
1.000000000000000056e-01,-1.000000000000000000e+00
1.000000000000000056e-01,0.000000000000000000e+00
1.000000000000000056e-01,-1.000000000000000000e+00
1.000000000000000056e-01,-1.000000000000000000e+00
1.000000000000000056e-01,0.000000000000000000e+00
1.000000000000000056e-01,-1.000000000000000000e+00
1.000000000000000056e-01,-1.000000000000000000e+00
1.000000000000000056e-01,0.000000000000000000e+00
1.000000000000000056e-01,-1.000000000000000000e+00
1.000000000000000056e-01,-1.000000000000000000e+00
1.000000000000000056e-01,0.000000000000000000e+00
1.000000000000000056e-01,-1.000000000000000000e+00
1.000000000000000056e-01,-1.000000000000000000e+00
1.000000000000000056e-01,0.000000000000000000e+00
1.000000000000000056e-01,-1.000000000000000000e+00
1.000000000000000056e-01,-1.000000000000000000e+00
1.000000000000000056e-01,0.000000000000000000e+00
1.000000000000000056e-01,-1.000000000000000000e+00
1.000000000000000056e-01,-1.000000000000000000e+00
1.000000000000000056e-01,0.000000000000000000e+00
1.000000000000000056e-01,-1.000000000000000000e+00
1.000000000000000056e-01,-1.000000000000000000e+00
1.000000000000000056e-01,0.000000000000000000e+00
1.000000000000000056e-01,-1.000000000000000000e+00
1.000000000000000056e-01,-1.000000000000000000e+00
1.000000000000000056e-01,0.000000000000000000e+00
1.000000000000000056e-01,-1.000000000000000000e+00
1.000000000000000056e-01,-1.000000000000000000e+00
1.000000000000000056e-01,0.000000000000000000e+00
1.000000000000000056e-01,-1.000000000000000000e+00
1.000000000000000056e-01,-1.000000000000000000e+00
1.000000000000000056e-01,0.000000000000000000e+00
1.000000000000000056e-01,-1.000000000000000000e+00
1.000000000000000056e-01,-1.000000000000000000e+00
1.000000000000000056e-01,0.000000000000000000e+00
8.000000000000000444e-01,-8.918918918918918859e-01
4.400000000000000022e-01,0.000000000000000000e+00
8.000000000000000444e-01,1.363636363636363535e-01
3.499999999999999778e-01,1.000000000000000000e+00
3.499999999999999778e-01,1.000000000000000000e+00
3.499999999999999778e-01,1.000000000000000000e+00
3.499999999999999778e-01,1.000000000000000000e+00
3.499999999999999778e-01,1.000000000000000000e+00
3.499999999999999778e-01,1.000000000000000000e+00
3.499999999999999778e-01,1.000000000000000000e+00
3.499999999999999778e-01,1.000000000000000000e+00
3.499999999999999778e-01,1.000000000000000000e+00
3.499999999999999778e-01,1.000000000000000000e+00
3.499999999999999778e-01,1.000000000000000000e+00
3.499999999999999778e-01,1.000000000000000000e+00
3.499999999999999778e-01,1.000000000000000000e+00
3.499999999999999778e-01,1.000000000000000000e+00
3.499999999999999778e-01,1.000000000000000000e+00
3.499999999999999778e-01,1.000000000000000000e+00
3.499999999999999778e-01,1.000000000000000000e+00
3.499999999999999778e-01,1.000000000000000000e+00
3.499999999999999778e-01,1.000000000000000000e+00
3.499999999999999778e-01,1.000000000000000000e+00
3.499999999999999778e-01,1.000000000000000000e+00
3.499999999999999778e-01,1.000000000000000000e+00
3.499999999999999778e-01,1.000000000000000000e+00
3.499999999999999778e-01,1.000000000000000000e+00
3.499999999999999778e-01,1.000000000000000000e+00
4.400000000000000022e-01,0.000000000000000000e+00
4.400000000000000022e-01,0.000000000000000000e+00
3.499999999999999778e-01,1.000000000000000000e+00
4.400000000000000022e-01,0.000000000000000000e+00
4.400000000000000022e-01,0.000000000000000000e+00
4.400000000000000022e-01,0.000000000000000000e+00
8.000000000000000444e-01,1.000000000000000000e+00
4.400000000000000022e-01,0.000000000000000000e+00
4.400000000000000022e-01,0.000000000000000000e+00
3.499999999999999778e-01,1.000000000000000000e+00
8.000000000000000444e-01,7.172074729596853437e-01
8.000000000000000444e-01,-5.205267124717555260e-01
8.000000000000000444e-01,8.923076923076923572e-01
8.000000000000000444e-01,-2.516392371995821442e-01
8.000000000000000444e-01,6.446610281485396499e-01
8.000000000000000444e-01,1.000000000000000000e+00
3.499999999999999778e-01,1.000000000000000000e+00
4.400000000000000022e-01,-5.225806451612903247e-01
4.400000000000000022e-01,-5.940105981416957670e-01
4.400000000000000022e-01,-3.018518518518518712e-01
3.499999999999999778e-01,1.000000000000000000e+00
4.400000000000000022e-01,-4.647681672260324248e-01
3.499999999999999778e-01,1.000000000000000000e+00
4.400000000000000022e-01,-2.605958372508894727e-01
3.499999999999999778e-01,1.000000000000000000e+00
4.400000000000000022e-01,-2.809077663323393814e-01
4.400000000000000022e-01,0.000000000000000000e+00
4.400000000000000022e-01,0.000000000000000000e+00
4.400000000000000022e-01,0.000000000000000000e+00
4.400000000000000022e-01,0.000000000000000000e+00
4.400000000000000022e-01,0.000000000000000000e+00
4.400000000000000022e-01,0.000000000000000000e+00
4.400000000000000022e-01,0.000000000000000000e+00
4.400000000000000022e-01,0.000000000000000000e+00
1.000000000000000056e-01,-1.000000000000000000e+00
1.000000000000000056e-01,-1.000000000000000000e+00
1.000000000000000056e-01,0.000000000000000000e+00
1.000000000000000056e-01,-1.000000000000000000e+00
1.000000000000000056e-01,-1.000000000000000000e+00
1.000000000000000056e-01,0.000000000000000000e+00
1.000000000000000056e-01,-1.000000000000000000e+00
1.000000000000000056e-01,-1.000000000000000000e+00
1.000000000000000056e-01,0.000000000000000000e+00
1.000000000000000056e-01,-1.000000000000000000e+00
1.000000000000000056e-01,-1.000000000000000000e+00
1.000000000000000056e-01,0.000000000000000000e+00
1.000000000000000056e-01,-1.000000000000000000e+00
1.000000000000000056e-01,-1.000000000000000000e+00
1.000000000000000056e-01,0.000000000000000000e+00
1.000000000000000056e-01,-1.000000000000000000e+00
1.000000000000000056e-01,-1.000000000000000000e+00
1.000000000000000056e-01,0.000000000000000000e+00
1.000000000000000056e-01,-1.000000000000000000e+00
1.000000000000000056e-01,-1.000000000000000000e+00
1.000000000000000056e-01,0.000000000000000000e+00
1.000000000000000056e-01,-1.000000000000000000e+00
1.000000000000000056e-01,-1.000000000000000000e+00
1.000000000000000056e-01,0.000000000000000000e+00
1.000000000000000056e-01,-1.000000000000000000e+00
1.000000000000000056e-01,-1.000000000000000000e+00
1.000000000000000056e-01,0.000000000000000000e+00
1.000000000000000056e-01,-1.000000000000000000e+00
1.000000000000000056e-01,-1.000000000000000000e+00
1.000000000000000056e-01,0.000000000000000000e+00
1.000000000000000056e-01,-1.000000000000000000e+00
1.000000000000000056e-01,-1.000000000000000000e+00
1.000000000000000056e-01,0.000000000000000000e+00
1.000000000000000056e-01,-1.000000000000000000e+00
1.000000000000000056e-01,-1.000000000000000000e+00
1.000000000000000056e-01,0.000000000000000000e+00
1.000000000000000056e-01,-1.000000000000000000e+00
1.000000000000000056e-01,-1.000000000000000000e+00
1.000000000000000056e-01,0.000000000000000000e+00
1.000000000000000056e-01,-1.000000000000000000e+00
1.000000000000000056e-01,-1.000000000000000000e+00
1.000000000000000056e-01,0.000000000000000000e+00
1.000000000000000056e-01,-1.000000000000000000e+00
1.000000000000000056e-01,-1.000000000000000000e+00
1.000000000000000056e-01,0.000000000000000000e+00
1.000000000000000056e-01,-1.000000000000000000e+00
1.000000000000000056e-01,-1.000000000000000000e+00
1.000000000000000056e-01,0.000000000000000000e+00
8.000000000000000444e-01,-1.000000000000000000e+00
4.400000000000000022e-01,0.000000000000000000e+00
4.400000000000000022e-01,-1.224117647058823533e+00
8.000000000000000444e-01,-1.252083333333333215e+00
8.000000000000000444e-01,-1.057971014492753659e+00
8.000000000000000444e-01,-5.407177834252773208e-01
8.000000000000000444e-01,-6.389866650723544650e-01
8.000000000000000444e-01,7.076842696736794780e-01
8.000000000000000444e-01,6.957786171922886176e-01
8.000000000000000444e-01,4.526153346328785076e-01
3.499999999999999778e-01,1.000000000000000000e+00
4.400000000000000022e-01,0.000000000000000000e+00
4.400000000000000022e-01,0.000000000000000000e+00
4.400000000000000022e-01,0.000000000000000000e+00
8.000000000000000444e-01,1.052631578947368363e-01
3.499999999999999778e-01,1.000000000000000000e+00
4.400000000000000022e-01,0.000000000000000000e+00
4.400000000000000022e-01,0.000000000000000000e+00
3.499999999999999778e-01,1.000000000000000000e+00
4.400000000000000022e-01,0.000000000000000000e+00
3.499999999999999778e-01,1.000000000000000000e+00
4.400000000000000022e-01,0.000000000000000000e+00
3.499999999999999778e-01,1.000000000000000000e+00
4.400000000000000022e-01,0.000000000000000000e+00
3.499999999999999778e-01,1.000000000000000000e+00
3.499999999999999778e-01,1.000000000000000000e+00
4.400000000000000022e-01,0.000000000000000000e+00
3.499999999999999778e-01,1.000000000000000000e+00
3.499999999999999778e-01,1.000000000000000000e+00
3.499999999999999778e-01,1.000000000000000000e+00
3.499999999999999778e-01,1.000000000000000000e+00
3.499999999999999778e-01,1.000000000000000000e+00
3.499999999999999778e-01,1.000000000000000000e+00
3.499999999999999778e-01,1.000000000000000000e+00
3.499999999999999778e-01,1.000000000000000000e+00
3.499999999999999778e-01,1.000000000000000000e+00
3.499999999999999778e-01,1.000000000000000000e+00
3.499999999999999778e-01,1.000000000000000000e+00
3.499999999999999778e-01,1.000000000000000000e+00
4.400000000000000022e-01,0.000000000000000000e+00
8.000000000000000444e-01,-2.461759683234054918e-01
3.499999999999999778e-01,1.000000000000000000e+00
8.000000000000000444e-01,1.000000000000000000e+00
3.499999999999999778e-01,1.000000000000000000e+00
3.499999999999999778e-01,1.000000000000000000e+00
3.499999999999999778e-01,1.000000000000000000e+00
3.499999999999999778e-01,1.000000000000000000e+00
4.400000000000000022e-01,0.000000000000000000e+00
4.400000000000000022e-01,-1.733589827411337603e-01
4.400000000000000022e-01,0.000000000000000000e+00
4.400000000000000022e-01,0.000000000000000000e+00
4.400000000000000022e-01,0.000000000000000000e+00
4.400000000000000022e-01,0.000000000000000000e+00
4.400000000000000022e-01,0.000000000000000000e+00
4.400000000000000022e-01,0.000000000000000000e+00
4.400000000000000022e-01,0.000000000000000000e+00
4.400000000000000022e-01,0.000000000000000000e+00
4.400000000000000022e-01,0.000000000000000000e+00
4.400000000000000022e-01,0.000000000000000000e+00
4.400000000000000022e-01,0.000000000000000000e+00
1.000000000000000056e-01,-1.000000000000000000e+00
1.000000000000000056e-01,-1.000000000000000000e+00
1.000000000000000056e-01,0.000000000000000000e+00
1.000000000000000056e-01,-1.000000000000000000e+00
1.000000000000000056e-01,-1.000000000000000000e+00
1.000000000000000056e-01,0.000000000000000000e+00
1.000000000000000056e-01,-1.000000000000000000e+00
1.000000000000000056e-01,-1.000000000000000000e+00
1.000000000000000056e-01,0.000000000000000000e+00
1.000000000000000056e-01,-1.000000000000000000e+00
1.000000000000000056e-01,-1.000000000000000000e+00
1.000000000000000056e-01,0.000000000000000000e+00
1.000000000000000056e-01,-1.000000000000000000e+00
1.000000000000000056e-01,-1.000000000000000000e+00
1.000000000000000056e-01,0.000000000000000000e+00
1.000000000000000056e-01,-1.000000000000000000e+00
1.000000000000000056e-01,-1.000000000000000000e+00
1.000000000000000056e-01,0.000000000000000000e+00
1.000000000000000056e-01,-1.000000000000000000e+00
1.000000000000000056e-01,-1.000000000000000000e+00
1.000000000000000056e-01,0.000000000000000000e+00
1.000000000000000056e-01,-1.000000000000000000e+00
1.000000000000000056e-01,-1.000000000000000000e+00
1.000000000000000056e-01,0.000000000000000000e+00
4.400000000000000022e-01,0.000000000000000000e+00
4.400000000000000022e-01,0.000000000000000000e+00
4.400000000000000022e-01,6.489675516224188700e-02
4.400000000000000022e-01,0.000000000000000000e+00
4.400000000000000022e-01,0.000000000000000000e+00
4.400000000000000022e-01,0.000000000000000000e+00
3.499999999999999778e-01,1.000000000000000000e+00
3.499999999999999778e-01,1.000000000000000000e+00
4.400000000000000022e-01,0.000000000000000000e+00
3.499999999999999778e-01,1.000000000000000000e+00
3.499999999999999778e-01,1.000000000000000000e+00
3.499999999999999778e-01,1.000000000000000000e+00
3.499999999999999778e-01,1.000000000000000000e+00
3.499999999999999778e-01,1.000000000000000000e+00
3.499999999999999778e-01,1.000000000000000000e+00
3.499999999999999778e-01,1.000000000000000000e+00
3.499999999999999778e-01,1.000000000000000000e+00
3.499999999999999778e-01,1.000000000000000000e+00
3.499999999999999778e-01,1.000000000000000000e+00
3.499999999999999778e-01,1.000000000000000000e+00
3.499999999999999778e-01,1.000000000000000000e+00
3.499999999999999778e-01,1.000000000000000000e+00
3.499999999999999778e-01,1.000000000000000000e+00
4.400000000000000022e-01,0.000000000000000000e+00
3.499999999999999778e-01,1.000000000000000000e+00
4.400000000000000022e-01,0.000000000000000000e+00
8.000000000000000444e-01,3.865389847257785783e-01
3.499999999999999778e-01,1.000000000000000000e+00
4.400000000000000022e-01,0.000000000000000000e+00
3.499999999999999778e-01,1.000000000000000000e+00
4.400000000000000022e-01,0.000000000000000000e+00
3.499999999999999778e-01,1.000000000000000000e+00
4.400000000000000022e-01,0.000000000000000000e+00
4.400000000000000022e-01,0.000000000000000000e+00
4.400000000000000022e-01,0.000000000000000000e+00
8.000000000000000444e-01,6.846213200379867025e-01
8.000000000000000444e-01,6.528500935257823823e-01
8.000000000000000444e-01,4.814814814814814548e-01
3.499999999999999778e-01,1.000000000000000000e+00
4.400000000000000022e-01,0.000000000000000000e+00
8.000000000000000444e-01,8.333333333333333703e-01
8.000000000000000444e-01,8.447397160538769878e-01
8.000000000000000444e-01,-1.384711468466680584e-01
8.000000000000000444e-01,-7.037037037037037202e-01
4.400000000000000022e-01,7.590799031476997971e-01
4.400000000000000022e-01,-9.018567639257293878e-02
3.499999999999999778e-01,1.000000000000000000e+00
4.400000000000000022e-01,-5.136085489820680916e-01
4.400000000000000022e-01,-3.397789045049318668e-01
4.400000000000000022e-01,0.000000000000000000e+00
4.400000000000000022e-01,0.000000000000000000e+00
4.400000000000000022e-01,0.000000000000000000e+00
4.400000000000000022e-01,0.000000000000000000e+00
4.400000000000000022e-01,0.000000000000000000e+00
4.400000000000000022e-01,0.000000000000000000e+00
4.400000000000000022e-01,0.000000000000000000e+00
4.400000000000000022e-01,0.000000000000000000e+00
4.400000000000000022e-01,0.000000000000000000e+00
4.400000000000000022e-01,0.000000000000000000e+00
1.000000000000000056e-01,-1.000000000000000000e+00
1.000000000000000056e-01,-1.000000000000000000e+00
1.000000000000000056e-01,0.000000000000000000e+00
1.000000000000000056e-01,-1.000000000000000000e+00
1.000000000000000056e-01,-1.000000000000000000e+00
1.000000000000000056e-01,0.000000000000000000e+00
1.000000000000000056e-01,-1.000000000000000000e+00
1.000000000000000056e-01,-1.000000000000000000e+00
1.000000000000000056e-01,0.000000000000000000e+00
1.000000000000000056e-01,-1.000000000000000000e+00
1.000000000000000056e-01,-1.000000000000000000e+00
1.000000000000000056e-01,0.000000000000000000e+00
1.000000000000000056e-01,-1.000000000000000000e+00
1.000000000000000056e-01,-1.000000000000000000e+00
1.000000000000000056e-01,0.000000000000000000e+00
1.000000000000000056e-01,-1.000000000000000000e+00
1.000000000000000056e-01,-1.000000000000000000e+00
1.000000000000000056e-01,0.000000000000000000e+00
1.000000000000000056e-01,-1.000000000000000000e+00
1.000000000000000056e-01,-1.000000000000000000e+00
1.000000000000000056e-01,0.000000000000000000e+00
1.000000000000000056e-01,-1.000000000000000000e+00
1.000000000000000056e-01,-1.000000000000000000e+00
1.000000000000000056e-01,0.000000000000000000e+00
1.000000000000000056e-01,-1.000000000000000000e+00
1.000000000000000056e-01,-1.000000000000000000e+00
1.000000000000000056e-01,0.000000000000000000e+00
1.000000000000000056e-01,-1.000000000000000000e+00
1.000000000000000056e-01,-1.000000000000000000e+00
1.000000000000000056e-01,0.000000000000000000e+00
1.000000000000000056e-01,-1.000000000000000000e+00
1.000000000000000056e-01,-1.000000000000000000e+00
1.000000000000000056e-01,0.000000000000000000e+00
1.000000000000000056e-01,-1.000000000000000000e+00
1.000000000000000056e-01,-1.000000000000000000e+00
1.000000000000000056e-01,0.000000000000000000e+00
1.000000000000000056e-01,-1.000000000000000000e+00
1.000000000000000056e-01,-1.000000000000000000e+00
1.000000000000000056e-01,0.000000000000000000e+00
1.000000000000000056e-01,-1.000000000000000000e+00
1.000000000000000056e-01,-1.000000000000000000e+00
1.000000000000000056e-01,0.000000000000000000e+00
1.000000000000000056e-01,-1.000000000000000000e+00
1.000000000000000056e-01,-1.000000000000000000e+00
1.000000000000000056e-01,0.000000000000000000e+00
1.000000000000000056e-01,-1.000000000000000000e+00
1.000000000000000056e-01,-1.000000000000000000e+00
1.000000000000000056e-01,0.000000000000000000e+00
8.000000000000000444e-01,2.505516646477534692e-01
8.000000000000000444e-01,2.043507603188131627e-01
8.000000000000000444e-01,-8.998114256697449242e-01
8.000000000000000444e-01,2.926302836384523376e-01
8.000000000000000444e-01,1.053419072836548898e-01
8.000000000000000444e-01,-6.457564101472075269e-01
8.000000000000000444e-01,-8.000501913545391419e-01
8.000000000000000444e-01,-5.948275862068965608e-02
3.499999999999999778e-01,1.000000000000000000e+00
4.400000000000000022e-01,-6.512094547964113467e-01
4.400000000000000022e-01,-3.846872082166199469e-01
3.499999999999999778e-01,1.000000000000000000e+00
4.400000000000000022e-01,-2.545330567762400520e-01
3.499999999999999778e-01,1.000000000000000000e+00
4.400000000000000022e-01,-3.785714285714285587e-01
4.400000000000000022e-01,0.000000000000000000e+00
4.400000000000000022e-01,0.000000000000000000e+00
4.400000000000000022e-01,0.000000000000000000e+00
4.400000000000000022e-01,0.000000000000000000e+00
4.400000000000000022e-01,0.000000000000000000e+00
4.400000000000000022e-01,0.000000000000000000e+00
4.400000000000000022e-01,0.000000000000000000e+00
4.400000000000000022e-01,0.000000000000000000e+00
4.400000000000000022e-01,0.000000000000000000e+00
1.000000000000000056e-01,-1.000000000000000000e+00
1.000000000000000056e-01,-1.000000000000000000e+00
1.000000000000000056e-01,0.000000000000000000e+00
1.000000000000000056e-01,-1.000000000000000000e+00
1.000000000000000056e-01,-1.000000000000000000e+00
1.000000000000000056e-01,0.000000000000000000e+00
1.000000000000000056e-01,-1.000000000000000000e+00
1.000000000000000056e-01,-1.000000000000000000e+00
1.000000000000000056e-01,0.000000000000000000e+00
1.000000000000000056e-01,-1.000000000000000000e+00
1.000000000000000056e-01,-1.000000000000000000e+00
1.000000000000000056e-01,0.000000000000000000e+00
1.000000000000000056e-01,-1.000000000000000000e+00
1.000000000000000056e-01,-1.000000000000000000e+00
1.000000000000000056e-01,0.000000000000000000e+00
1.000000000000000056e-01,-1.000000000000000000e+00
1.000000000000000056e-01,-1.000000000000000000e+00
1.000000000000000056e-01,0.000000000000000000e+00
1.000000000000000056e-01,-1.000000000000000000e+00
1.000000000000000056e-01,-1.000000000000000000e+00
1.000000000000000056e-01,0.000000000000000000e+00
1.000000000000000056e-01,-1.000000000000000000e+00
1.000000000000000056e-01,-1.000000000000000000e+00
1.000000000000000056e-01,0.000000000000000000e+00
1.000000000000000056e-01,-1.000000000000000000e+00
1.000000000000000056e-01,-1.000000000000000000e+00
1.000000000000000056e-01,0.000000000000000000e+00
1.000000000000000056e-01,-1.000000000000000000e+00
1.000000000000000056e-01,-1.000000000000000000e+00
1.000000000000000056e-01,0.000000000000000000e+00
1.000000000000000056e-01,-1.000000000000000000e+00
1.000000000000000056e-01,-1.000000000000000000e+00
1.000000000000000056e-01,0.000000000000000000e+00
1.000000000000000056e-01,-1.000000000000000000e+00
1.000000000000000056e-01,-1.000000000000000000e+00
1.000000000000000056e-01,0.000000000000000000e+00
1.000000000000000056e-01,-1.000000000000000000e+00
1.000000000000000056e-01,-1.000000000000000000e+00
1.000000000000000056e-01,0.000000000000000000e+00
1.000000000000000056e-01,-1.000000000000000000e+00
1.000000000000000056e-01,-1.000000000000000000e+00
1.000000000000000056e-01,0.000000000000000000e+00
1.000000000000000056e-01,-1.000000000000000000e+00
1.000000000000000056e-01,-1.000000000000000000e+00
1.000000000000000056e-01,0.000000000000000000e+00
1.000000000000000056e-01,-1.000000000000000000e+00
1.000000000000000056e-01,-1.000000000000000000e+00
1.000000000000000056e-01,0.000000000000000000e+00
8.000000000000000444e-01,-9.263748426552559367e-01
8.000000000000000444e-01,-2.459175009456249228e-02
8.000000000000000444e-01,-1.244587210615485384e-01
8.000000000000000444e-01,5.156691201994301199e-02
8.000000000000000444e-01,-1.515386972992108783e-01
8.000000000000000444e-01,-1.330542928395617164e-01
8.000000000000000444e-01,-1.080273658582894258e+00
8.000000000000000444e-01,-6.903030704492818526e-02
8.000000000000000444e-01,3.566931362455771914e-02
8.000000000000000444e-01,-9.116006728778467405e-01
8.000000000000000444e-01,9.591836734693877098e-01
8.000000000000000444e-01,-9.477632296781233201e-01
8.000000000000000444e-01,1.199102829537611603e-01
8.000000000000000444e-01,1.221609344581440215e-01
8.000000000000000444e-01,1.019778219132737584e+00
8.000000000000000444e-01,1.206084827498357104e-01
8.000000000000000444e-01,2.240763482564188669e-01
8.000000000000000444e-01,1.630928732503750256e-01
8.000000000000000444e-01,1.196537625183869968e-01
8.000000000000000444e-01,1.631926384919264450e-01
8.000000000000000444e-01,9.012473837425649670e-02
8.000000000000000444e-01,1.577193709107675978e-01
8.000000000000000444e-01,-9.881060827291410220e-02
8.000000000000000444e-01,1.316825543636153117e-01
8.000000000000000444e-01,8.534150010745766846e-02
8.000000000000000444e-01,-9.029747515503127042e-01
8.000000000000000444e-01,-8.495535188036875685e-01
8.000000000000000444e-01,-2.428943298335572987e-01
8.000000000000000444e-01,8.771929824561408573e-02
8.000000000000000444e-01,1.066037735849056700e+00
8.000000000000000444e-01,1.414475578273730605e-01
8.000000000000000444e-01,1.310507125803636042e-01
8.000000000000000444e-01,2.034896052854852089e-01
1.000000000000000056e-01,9.623135847170405377e-02
1.000000000000000056e-01,1.321343968428334570e-01
1.000000000000000056e-01,2.730266794168578759e-02
1.000000000000000056e-01,3.178262995150449299e-02
1.000000000000000056e-01,7.715185759359743933e-02
1.000000000000000056e-01,-9.093286870950307854e-01
1.000000000000000056e-01,6.360999232910202750e-02
1.000000000000000056e-01,1.472958720048134218e-02
1.000000000000000056e-01,7.662381833201559189e-02
1.000000000000000056e-01,3.425795341101633973e-02
1.000000000000000056e-01,1.278613830094323944e-01
1.000000000000000056e-01,1.302370626302660206e-01
1.000000000000000056e-01,1.095621651548588371e-01
1.000000000000000056e-01,1.082626912610430425e-01
1.000000000000000056e-01,1.793801384051170178e-01
1.000000000000000056e-01,9.841737990619003895e-02
1.000000000000000056e-01,8.303281832292552789e-02
1.000000000000000056e-01,4.515855740963226062e-02
1.000000000000000056e-01,4.012974286348247599e-02
1.000000000000000056e-01,5.616565540935403167e-02
1.000000000000000056e-01,4.855499984504862976e-02
1.000000000000000056e-01,8.803577553912023124e-02
1.000000000000000056e-01,7.125444016377258105e-02
1.000000000000000056e-01,-9.465637219734330809e-01
1.000000000000000056e-01,1.649012314587861017e-02
1.000000000000000056e-01,8.703147206754480170e-02
1.000000000000000056e-01,-7.386006066546013660e-02
1.000000000000000056e-01,4.910934567917502047e-02
1.000000000000000056e-01,9.043686233425196619e-02
1.000000000000000056e-01,1.076981348920931225e-01
1.000000000000000056e-01,-5.351099988252638884e-02
1.000000000000000056e-01,2.068685941031378484e-02
1.000000000000000056e-01,6.925598712704172932e-02
1.000000000000000056e-01,2.115612581148096361e-02
1.000000000000000056e-01,7.882975322159890830e-02
1.000000000000000056e-01,-7.069134043429414760e-02
1.000000000000000056e-01,-9.630885696271611618e-01
1.000000000000000056e-01,-8.727069146641452946e-01
1.000000000000000056e-01,1.582633053221288444e-01
1.000000000000000056e-01,0.000000000000000000e+00
1.000000000000000056e-01,2.423423423423423095e-01
1.000000000000000056e-01,5.713602917394489111e-02
1.000000000000000056e-01,8.007264030894212237e-02
1.000000000000000056e-01,9.122670807453414632e-02
1.000000000000000056e-01,2.329811136867261379e-01
1.000000000000000056e-01,-8.071072102052255781e-01
1.000000000000000056e-01,-1.389435778349908945e-01
1.000000000000000056e-01,8.139172279053049630e-01
1.000000000000000056e-01,5.595681555647236127e-02
1.000000000000000056e-01,1.862710255795425596e-01
1.000000000000000056e-01,1.822616795320364247e-01
1.000000000000000056e-01,2.954890036262047825e-01
1.000000000000000056e-01,1.429059074771139581e-01
1.000000000000000056e-01,2.049633479550757587e-01
1.000000000000000056e-01,9.418447169142030173e-02
1.000000000000000056e-01,-8.441024342566446625e-01
1.000000000000000056e-01,-7.862302611207895309e-01
1.000000000000000056e-01,7.584424180654381065e-02
1.000000000000000056e-01,1.438227671451355327e-01
1.000000000000000056e-01,1.293760006209379032e-01
1.000000000000000056e-01,1.451983083250905082e-01
1.000000000000000056e-01,1.352045727187356494e-01
1.000000000000000056e-01,2.097060674507540412e-01
1.000000000000000056e-01,2.769316989526208195e-01
1.000000000000000056e-01,1.738161425210021926e-01
1.000000000000000056e-01,-8.982743220434528109e-01
1.000000000000000056e-01,1.833333333333333481e-01
1.000000000000000056e-01,1.638920527662049986e-01
1.000000000000000056e-01,1.961826605540680779e-01
1.000000000000000056e-01,7.185152993523402642e-02
1.000000000000000056e-01,1.785821954781732224e-01
1.000000000000000056e-01,1.149462649598234076e-01
1.000000000000000056e-01,1.037555436871853143e-01
1.000000000000000056e-01,-8.597928452167541424e-01
1.000000000000000056e-01,2.699290780141843094e-01
1.000000000000000056e-01,6.484598499089300194e-02
1.000000000000000056e-01,1.749843316321961773e-01
1.000000000000000056e-01,1.130524413975891873e-01
1.000000000000000056e-01,8.747640513597954026e-02
1.000000000000000056e-01,-8.741129561066490750e-01
1.000000000000000056e-01,1.449140220969816761e-01
1.000000000000000056e-01,1.274982595572092814e-01
1.000000000000000056e-01,2.230494345918682120e-01
1.000000000000000056e-01,1.849037942068978424e-01
1.000000000000000056e-01,-8.385302418290488946e-01
1.000000000000000056e-01,6.410256410256409687e-02
1.000000000000000056e-01,1.500000000000000222e-01
1.000000000000000056e-01,6.698915543839978337e-02
1.000000000000000056e-01,9.346480595727668650e-02
1.000000000000000056e-01,2.033145222214064463e-01
1.000000000000000056e-01,1.484607668216263443e-01
1.000000000000000056e-01,1.493055439046474531e-01
1.000000000000000056e-01,-8.112583164728581764e-01
1.000000000000000056e-01,-7.500000000000000000e-01
1.000000000000000056e-01,8.733564496032530933e-02
1.000000000000000056e-01,-4.597871133578246283e-02
1.000000000000000056e-01,1.263851046774933096e-02
1.000000000000000056e-01,-1.537033600073667294e-02
1.000000000000000056e-01,7.280747728860936796e-02
1.000000000000000056e-01,1.003786613208597966e+00
1.000000000000000056e-01,2.454533142966306425e-01
1.000000000000000056e-01,1.224543381058484925e-01
1.000000000000000056e-01,1.370490999247171438e-01
1.000000000000000056e-01,6.585491287591949128e-02
1.000000000000000056e-01,1.020283392126865030e-01
1.000000000000000056e-01,6.897120222332020489e-02
1.000000000000000056e-01,8.595380467428515026e-02
1.000000000000000056e-01,5.063046665652215506e-02
1.000000000000000056e-01,1.381454041416357859e-01
1.000000000000000056e-01,-9.288326471261606487e-01
1.000000000000000056e-01,1.632141949540746317e-01
1.000000000000000056e-01,9.925023351713968545e-02
1.000000000000000056e-01,1.547495411652347608e-01
1.000000000000000056e-01,8.343433360788865549e-02
1.000000000000000056e-01,5.632190171233775189e-02
1.000000000000000056e-01,1.065751093272923056e-01
1.000000000000000056e-01,1.203488562749115420e-01
1.000000000000000056e-01,1.479632538447606116e-02
1.000000000000000056e-01,9.545062758443767503e-02
1.000000000000000056e-01,-9.354680154020268423e-01
1.000000000000000056e-01,9.538568440670514015e-02
1.000000000000000056e-01,2.817774013426188606e-02
1.000000000000000056e-01,-8.832103281439117604e-01
1.000000000000000056e-01,2.830188679245282390e-02
1.000000000000000056e-01,4.477611940298509285e-02
1.000000000000000056e-01,1.000000000000000000e+00
1.000000000000000056e-01,1.291857028319219891e-01
1.000000000000000056e-01,1.243224835330533073e-01
1.000000000000000056e-01,1.505496059492875682e-01
1.000000000000000056e-01,5.263390522027555640e-02
1.000000000000000056e-01,2.018995042139628548e-01
1.000000000000000056e-01,1.204569975990990027e-01
1.000000000000000056e-01,3.421264827871395298e-02
1.000000000000000056e-01,2.112219605115828180e-02
1.000000000000000056e-01,-9.585589607698716819e-01
1.000000000000000056e-01,5.218013159554413249e-02
1.000000000000000056e-01,5.322578057394578011e-02
1.000000000000000056e-01,1.126349599890529296e-01
1.000000000000000056e-01,1.313854345817353497e-01
1.000000000000000056e-01,8.707034471601926562e-02
1.000000000000000056e-01,8.344229005305081603e-02
1.000000000000000056e-01,8.424369195081427009e-02
1.000000000000000056e-01,5.285945935307911903e-02
1.000000000000000056e-01,6.671730182366586437e-02
1.000000000000000056e-01,3.142921694573086455e-03
1.000000000000000056e-01,9.648451693341608681e-02
1.000000000000000056e-01,2.359913007196534629e-02
1.000000000000000056e-01,9.189366980292579257e-02
1.000000000000000056e-01,5.471568924308445325e-02
1.000000000000000056e-01,-3.874378569211800460e-02
1.000000000000000056e-01,-4.204473940013153666e-02
1.000000000000000056e-01,-1.732162485220156700e-02
1.000000000000000056e-01,-9.529922040183523846e-01
1.000000000000000056e-01,1.416908303414537995e-01
1.000000000000000056e-01,9.994818966154050965e-02
1.000000000000000056e-01,2.080275271280918048e-02
1.000000000000000056e-01,-8.972032910752000268e-01
1.000000000000000056e-01,8.583689027854890519e-02
1.000000000000000056e-01,-9.370158319920689483e-01
1.000000000000000056e-01,9.557692307692307043e-01
1.000000000000000056e-01,1.359511097243170097e-01
1.000000000000000056e-01,2.454956241718113663e-01
1.000000000000000056e-01,1.646677613589704325e-01
1.000000000000000056e-01,1.492852872617869142e-01
1.000000000000000056e-01,-8.910577833421080562e-01
1.000000000000000056e-01,1.178379194124452578e-01
1.000000000000000056e-01,1.931510828475874186e-01
1.000000000000000056e-01,1.954047356138026714e-01
1.000000000000000056e-01,1.868220796830913910e-01
1.000000000000000056e-01,-7.526714389459487897e-02
1.000000000000000056e-01,9.574753939831459615e-02
1.000000000000000056e-01,-7.927071102309510842e-01
1.000000000000000056e-01,-8.056338028169014454e-01
1.000000000000000056e-01,6.883116883116883189e-01
1.000000000000000056e-01,8.571428571428574283e-02
1.000000000000000056e-01,-8.550420168067226490e-01
1.000000000000000056e-01,6.950330214639515169e-01
1.000000000000000056e-01,8.636991028295376571e-01
1.000000000000000056e-01,-8.309282650124684144e-01
1.000000000000000056e-01,2.437569070991041364e-02
1.000000000000000056e-01,1.016077170418006492e+00
1.000000000000000056e-01,-7.682288786259311442e-01
1.000000000000000056e-01,2.371143235226083057e-01
1.000000000000000056e-01,2.085939373968043187e-01
1.000000000000000056e-01,1.102538254755998093e-01
1.000000000000000056e-01,-8.578286406900373917e-01
1.000000000000000056e-01,1.725296442687747067e-01
1.000000000000000056e-01,2.374420993468612240e-01
1.000000000000000056e-01,-8.281528520499108481e-01
1.000000000000000056e-01,8.761085874972960319e-01
1.000000000000000056e-01,1.485685001053699272e-01
1.000000000000000056e-01,1.933794764356087104e-01
1.000000000000000056e-01,1.507200059858286867e-01
1.000000000000000056e-01,1.771863006048169931e-01
1.000000000000000056e-01,-8.507432012376076047e-01
1.000000000000000056e-01,-8.789735221447800839e-01
1.000000000000000056e-01,7.407407407407406996e-01
1.000000000000000056e-01,-3.360426833272900371e-02
1.000000000000000056e-01,-8.807641633728590103e-01
1.000000000000000056e-01,8.225812441140908371e-01
8.000000000000000444e-01,7.619010855880467004e-01
8.000000000000000444e-01,-9.106837606837606680e-01
8.000000000000000444e-01,7.500000000000000000e-01
8.000000000000000444e-01,3.260592879732009397e-01
8.000000000000000444e-01,2.303479420504355168e-01
8.000000000000000444e-01,2.329011338925131014e-01
8.000000000000000444e-01,-7.961008574505507029e-01
8.000000000000000444e-01,-9.258928571428570731e-01
8.000000000000000444e-01,3.352027610008628811e-01
8.000000000000000444e-01,-9.052631578947368807e-01
8.000000000000000444e-01,1.342857142857142749e+00
4.400000000000000022e-01,0.000000000000000000e+00
8.000000000000000444e-01,7.837416943521594570e-01
8.000000000000000444e-01,-5.354251261228004655e-01
8.000000000000000444e-01,-8.072146658781785555e-02
3.499999999999999778e-01,1.000000000000000000e+00
4.400000000000000022e-01,-1.972053307171254266e-01
3.499999999999999778e-01,1.000000000000000000e+00
4.400000000000000022e-01,-1.800505050505050719e-01
3.499999999999999778e-01,1.000000000000000000e+00
4.400000000000000022e-01,-2.952656502656502702e-01
4.400000000000000022e-01,0.000000000000000000e+00
4.400000000000000022e-01,0.000000000000000000e+00
4.400000000000000022e-01,0.000000000000000000e+00
4.400000000000000022e-01,0.000000000000000000e+00
4.400000000000000022e-01,0.000000000000000000e+00
4.400000000000000022e-01,0.000000000000000000e+00
4.400000000000000022e-01,0.000000000000000000e+00
4.400000000000000022e-01,0.000000000000000000e+00
1.000000000000000056e-01,-1.000000000000000000e+00
1.000000000000000056e-01,-1.000000000000000000e+00
1.000000000000000056e-01,0.000000000000000000e+00
1.000000000000000056e-01,-1.000000000000000000e+00
1.000000000000000056e-01,-1.000000000000000000e+00
1.000000000000000056e-01,0.000000000000000000e+00
1.000000000000000056e-01,-1.000000000000000000e+00
1.000000000000000056e-01,-1.000000000000000000e+00
1.000000000000000056e-01,0.000000000000000000e+00
1.000000000000000056e-01,-1.000000000000000000e+00
1.000000000000000056e-01,-1.000000000000000000e+00
1.000000000000000056e-01,0.000000000000000000e+00
1.000000000000000056e-01,-1.000000000000000000e+00
1.000000000000000056e-01,-1.000000000000000000e+00
1.000000000000000056e-01,0.000000000000000000e+00
1.000000000000000056e-01,-1.000000000000000000e+00
1.000000000000000056e-01,-1.000000000000000000e+00
1.000000000000000056e-01,0.000000000000000000e+00
1.000000000000000056e-01,-1.000000000000000000e+00
1.000000000000000056e-01,-1.000000000000000000e+00
1.000000000000000056e-01,0.000000000000000000e+00
1.000000000000000056e-01,-1.000000000000000000e+00
1.000000000000000056e-01,-1.000000000000000000e+00
1.000000000000000056e-01,0.000000000000000000e+00
1.000000000000000056e-01,-1.000000000000000000e+00
1.000000000000000056e-01,-1.000000000000000000e+00
1.000000000000000056e-01,0.000000000000000000e+00
1.000000000000000056e-01,-1.000000000000000000e+00
1.000000000000000056e-01,-1.000000000000000000e+00
1.000000000000000056e-01,0.000000000000000000e+00
1.000000000000000056e-01,-1.000000000000000000e+00
1.000000000000000056e-01,-1.000000000000000000e+00
1.000000000000000056e-01,0.000000000000000000e+00
1.000000000000000056e-01,-1.000000000000000000e+00
1.000000000000000056e-01,-1.000000000000000000e+00
1.000000000000000056e-01,0.000000000000000000e+00
