-4.400000000000000022e-01,0.000000000000000000e+00
-4.400000000000000022e-01,0.000000000000000000e+00
-4.400000000000000022e-01,0.000000000000000000e+00
1.000000000000000056e-01,-1.000000000000000000e+00
1.000000000000000056e-01,-1.000000000000000000e+00
1.000000000000000056e-01,-1.000000000000000000e+00
1.000000000000000056e-01,-1.000000000000000000e+00
1.000000000000000056e-01,-1.000000000000000000e+00
1.000000000000000056e-01,-1.000000000000000000e+00
1.000000000000000056e-01,-1.000000000000000000e+00
1.000000000000000056e-01,-1.000000000000000000e+00
1.000000000000000056e-01,-1.000000000000000000e+00
1.000000000000000056e-01,-1.000000000000000000e+00
1.000000000000000056e-01,-1.000000000000000000e+00
1.000000000000000056e-01,-1.000000000000000000e+00
1.000000000000000056e-01,-1.000000000000000000e+00
1.000000000000000056e-01,-1.000000000000000000e+00
1.000000000000000056e-01,-1.000000000000000000e+00
1.000000000000000056e-01,-1.000000000000000000e+00
8.000000000000000444e-01,8.135593220338983578e-01
8.000000000000000444e-01,8.585858585858585634e-01
8.000000000000000444e-01,-8.693718054346430968e-01
8.000000000000000444e-01,-9.435483870967742437e-01
8.000000000000000444e-01,0.000000000000000000e+00
8.000000000000000444e-01,0.000000000000000000e+00
8.000000000000000444e-01,8.890228153250108178e-01
8.000000000000000444e-01,9.338041431261769887e-01
8.000000000000000444e-01,-8.674961029497233467e-01
8.000000000000000444e-01,0.000000000000000000e+00
8.000000000000000444e-01,0.000000000000000000e+00
8.000000000000000444e-01,-8.803264480716452844e-01
8.000000000000000444e-01,0.000000000000000000e+00
8.000000000000000444e-01,0.000000000000000000e+00
8.000000000000000444e-01,0.000000000000000000e+00
8.000000000000000444e-01,1.009259259259259300e+00
8.000000000000000444e-01,1.000000000000000000e+00
8.000000000000000444e-01,1.901868927789850394e-01
8.000000000000000444e-01,-7.951338941767039925e-01
8.000000000000000444e-01,-8.255033557046980164e-01
8.000000000000000444e-01,1.036144578313253017e+00
8.000000000000000444e-01,1.980291129374758263e-01
8.000000000000000444e-01,-8.016609065698903080e-01
8.000000000000000444e-01,-7.748344370860926755e-01
8.000000000000000444e-01,7.741935483870967527e-01
8.000000000000000444e-01,0.000000000000000000e+00
8.000000000000000444e-01,7.299270072992700698e-01
8.000000000000000444e-01,-7.321428571428570953e-01
8.000000000000000444e-01,1.055555555555555580e+00
8.000000000000000444e-01,-7.630703662220293948e-01
8.000000000000000444e-01,1.031746031746031855e+00
8.000000000000000444e-01,1.423522065312941010e-01
8.000000000000000444e-01,-7.003299293527827096e-01
8.000000000000000444e-01,-7.876171352074966547e-01
8.000000000000000444e-01,0.000000000000000000e+00
8.000000000000000444e-01,0.000000000000000000e+00
8.000000000000000444e-01,1.030927835051546282e+00
8.000000000000000444e-01,-8.394801459303981028e-01
8.000000000000000444e-01,1.611065566545017980e-01
8.000000000000000444e-01,0.000000000000000000e+00
8.000000000000000444e-01,0.000000000000000000e+00
8.000000000000000444e-01,-7.989130434782608647e-01
8.000000000000000444e-01,0.000000000000000000e+00
8.000000000000000444e-01,7.506112469437652424e-01
8.000000000000000444e-01,0.000000000000000000e+00
8.000000000000000444e-01,-8.018018018018018278e-01
8.000000000000000444e-01,0.000000000000000000e+00
8.000000000000000444e-01,0.000000000000000000e+00
8.000000000000000444e-01,0.000000000000000000e+00
8.000000000000000444e-01,0.000000000000000000e+00
8.000000000000000444e-01,1.142857142857142794e+00
8.000000000000000444e-01,0.000000000000000000e+00
8.000000000000000444e-01,0.000000000000000000e+00
8.000000000000000444e-01,3.675785207700101864e-01
8.000000000000000444e-01,-7.642309251447320095e-01
8.000000000000000444e-01,0.000000000000000000e+00
8.000000000000000444e-01,0.000000000000000000e+00
8.000000000000000444e-01,0.000000000000000000e+00
8.000000000000000444e-01,0.000000000000000000e+00
8.000000000000000444e-01,-7.288135593220338437e-01
8.000000000000000444e-01,0.000000000000000000e+00
8.000000000000000444e-01,1.170588235294117707e+00
8.000000000000000444e-01,1.168831168831168776e+00
8.000000000000000444e-01,3.343093029082432333e-01
8.000000000000000444e-01,-6.916855225264932905e-01
8.000000000000000444e-01,-7.263242091082720009e-01
8.000000000000000444e-01,-7.747730220492866637e-01
8.000000000000000444e-01,0.000000000000000000e+00
8.000000000000000444e-01,1.070000000000000062e+00
8.000000000000000444e-01,-7.733140621754484023e-01
8.000000000000000444e-01,-7.289719626168223998e-01
8.000000000000000444e-01,0.000000000000000000e+00
8.000000000000000444e-01,0.000000000000000000e+00
8.000000000000000444e-01,0.000000000000000000e+00
8.000000000000000444e-01,0.000000000000000000e+00
8.000000000000000444e-01,0.000000000000000000e+00
8.000000000000000444e-01,1.173018470890811349e+00
8.000000000000000444e-01,1.186216354126802042e+00
8.000000000000000444e-01,3.716399038392965704e-01
8.000000000000000444e-01,-7.262290134327054059e-01
8.000000000000000444e-01,-7.378295376121463134e-01
8.000000000000000444e-01,0.000000000000000000e+00
8.000000000000000444e-01,0.000000000000000000e+00
8.000000000000000444e-01,-7.693727710765149164e-01
8.000000000000000444e-01,1.101851851851851860e+00
8.000000000000000444e-01,1.060606060606060552e+00
8.000000000000000444e-01,-8.048240159245814151e-01
8.000000000000000444e-01,-7.564445692161164692e-01
8.000000000000000444e-01,2.555550615524874170e-01
8.000000000000000444e-01,-8.444029287439613896e-01
8.000000000000000444e-01,1.000000000000000000e+00
8.000000000000000444e-01,-8.703973285755844946e-01
8.000000000000000444e-01,1.000000000000000000e+00
8.000000000000000444e-01,-8.539094345611377701e-01
8.000000000000000444e-01,2.201492537313433084e-01
8.000000000000000444e-01,-7.750000000000000222e-01
8.000000000000000444e-01,0.000000000000000000e+00
8.000000000000000444e-01,0.000000000000000000e+00
8.000000000000000444e-01,0.000000000000000000e+00
8.000000000000000444e-01,1.069306930693069368e+00
8.000000000000000444e-01,-8.017445799457995070e-01
8.000000000000000444e-01,1.032608695652173836e+00
8.000000000000000444e-01,-7.933437215182430613e-01
8.000000000000000444e-01,0.000000000000000000e+00
8.000000000000000444e-01,0.000000000000000000e+00
8.000000000000000444e-01,-7.968750000000000000e-01
8.000000000000000444e-01,0.000000000000000000e+00
8.000000000000000444e-01,0.000000000000000000e+00
8.000000000000000444e-01,0.000000000000000000e+00
8.000000000000000444e-01,1.093204640346704837e+00
8.000000000000000444e-01,1.103073661897191471e+00
8.000000000000000444e-01,-7.137878840079902032e-01
8.000000000000000444e-01,-7.866493744278303391e-01
8.000000000000000444e-01,0.000000000000000000e+00
8.000000000000000444e-01,0.000000000000000000e+00
8.000000000000000444e-01,0.000000000000000000e+00
8.000000000000000444e-01,0.000000000000000000e+00
8.000000000000000444e-01,0.000000000000000000e+00
8.000000000000000444e-01,0.000000000000000000e+00
8.000000000000000444e-01,0.000000000000000000e+00
8.000000000000000444e-01,0.000000000000000000e+00
8.000000000000000444e-01,0.000000000000000000e+00
8.000000000000000444e-01,1.171597633136094663e+00
8.000000000000000444e-01,-7.459240494954780809e-01
8.000000000000000444e-01,1.139240506329114000e+00
8.000000000000000444e-01,-7.387709930631616295e-01
8.000000000000000444e-01,2.980100954506850197e-01
8.000000000000000444e-01,3.229334226029534349e-01
8.000000000000000444e-01,-7.888430338098479933e-01
8.000000000000000444e-01,-7.903711714024015400e-01
8.000000000000000444e-01,0.000000000000000000e+00
8.000000000000000444e-01,0.000000000000000000e+00
8.000000000000000444e-01,1.095652173913043370e+00
8.000000000000000444e-01,-8.000000000000000444e-01
8.000000000000000444e-01,0.000000000000000000e+00
8.000000000000000444e-01,0.000000000000000000e+00
8.000000000000000444e-01,-7.740248226950354749e-01
8.000000000000000444e-01,0.000000000000000000e+00
8.000000000000000444e-01,1.125000000000000000e+00
8.000000000000000444e-01,-8.098824502333273889e-01
8.000000000000000444e-01,1.117647058823529438e+00
8.000000000000000444e-01,3.004891684136967722e-01
8.000000000000000444e-01,-7.821676609015261183e-01
8.000000000000000444e-01,0.000000000000000000e+00
8.000000000000000444e-01,3.008495752123937494e-01
8.000000000000000444e-01,-7.916666666666666297e-01
8.000000000000000444e-01,0.000000000000000000e+00
8.000000000000000444e-01,0.000000000000000000e+00
8.000000000000000444e-01,0.000000000000000000e+00
8.000000000000000444e-01,0.000000000000000000e+00
8.000000000000000444e-01,1.139534883720930258e+00
8.000000000000000444e-01,-7.996979202974323631e-01
8.000000000000000444e-01,0.000000000000000000e+00
8.000000000000000444e-01,3.147454156439098982e-01
8.000000000000000444e-01,-8.090909090909090828e-01
8.000000000000000444e-01,1.111111111111111160e+00
8.000000000000000444e-01,3.192290654213433276e-01
8.000000000000000444e-01,-7.864166738338923546e-01
8.000000000000000444e-01,0.000000000000000000e+00
8.000000000000000444e-01,0.000000000000000000e+00
8.000000000000000444e-01,0.000000000000000000e+00
8.000000000000000444e-01,3.807194244604317213e-01
8.000000000000000444e-01,2.905820646684433850e-01
8.000000000000000444e-01,-7.891367998926137606e-01
8.000000000000000444e-01,-7.272193690388848442e-01
8.000000000000000444e-01,0.000000000000000000e+00
8.000000000000000444e-01,0.000000000000000000e+00
8.000000000000000444e-01,1.104477611940298587e+00
8.000000000000000444e-01,3.603444587077450079e-01
8.000000000000000444e-01,3.540208112699281262e-01
8.000000000000000444e-01,-7.770898312625833526e-01
8.000000000000000444e-01,-7.731092436974790205e-01
8.000000000000000444e-01,1.068181818181818121e+00
8.000000000000000444e-01,2.913627700589429548e-01
8.000000000000000444e-01,-7.469964990618742640e-01
8.000000000000000444e-01,0.000000000000000000e+00
8.000000000000000444e-01,-7.587209302325581550e-01
8.000000000000000444e-01,1.032258064516129004e+00
8.000000000000000444e-01,-7.911016279437332877e-01
8.000000000000000444e-01,0.000000000000000000e+00
8.000000000000000444e-01,0.000000000000000000e+00
8.000000000000000444e-01,0.000000000000000000e+00
8.000000000000000444e-01,0.000000000000000000e+00
8.000000000000000444e-01,0.000000000000000000e+00
8.000000000000000444e-01,0.000000000000000000e+00
8.000000000000000444e-01,1.126710963455149539e+00
8.000000000000000444e-01,-7.699115044247787365e-01
8.000000000000000444e-01,0.000000000000000000e+00
8.000000000000000444e-01,1.130434782608695565e+00
8.000000000000000444e-01,-7.362442121202273926e-01
8.000000000000000444e-01,2.864019021913758456e-01
8.000000000000000444e-01,-7.867329754787069085e-01
8.000000000000000444e-01,0.000000000000000000e+00
8.000000000000000444e-01,1.033333333333333437e+00
8.000000000000000444e-01,-7.922420921722598264e-01
8.000000000000000444e-01,2.606555981268626754e-01
8.000000000000000444e-01,-7.790820089862453557e-01
8.000000000000000444e-01,0.000000000000000000e+00
8.000000000000000444e-01,0.000000000000000000e+00
8.000000000000000444e-01,1.096153846153846256e+00
8.000000000000000444e-01,-8.366659795071559325e-01
8.000000000000000444e-01,0.000000000000000000e+00
8.000000000000000444e-01,1.061224489795918435e+00
8.000000000000000444e-01,-8.418609168609167970e-01
8.000000000000000444e-01,1.057258064516128915e+00
8.000000000000000444e-01,-7.675504136567603553e-01
8.000000000000000444e-01,0.000000000000000000e+00
8.000000000000000444e-01,-7.753946465339738303e-01
8.000000000000000444e-01,1.000000000000000000e+00
8.000000000000000444e-01,-7.938053839661757261e-01
8.000000000000000444e-01,-7.527685492801772238e-01
8.000000000000000444e-01,0.000000000000000000e+00
8.000000000000000444e-01,0.000000000000000000e+00
8.000000000000000444e-01,1.097826086956521729e+00
8.000000000000000444e-01,0.000000000000000000e+00
8.000000000000000444e-01,0.000000000000000000e+00
8.000000000000000444e-01,1.103225806451612945e+00
8.000000000000000444e-01,-7.681117781230131225e-01
8.000000000000000444e-01,2.539118473291573919e-01
8.000000000000000444e-01,-8.181261803728200332e-01
8.000000000000000444e-01,0.000000000000000000e+00
8.000000000000000444e-01,0.000000000000000000e+00
8.000000000000000444e-01,0.000000000000000000e+00
8.000000000000000444e-01,0.000000000000000000e+00
8.000000000000000444e-01,1.041666666666666741e+00
8.000000000000000444e-01,-7.495941639742220719e-01
8.000000000000000444e-01,0.000000000000000000e+00
8.000000000000000444e-01,-8.021684198154785950e-01
8.000000000000000444e-01,0.000000000000000000e+00
8.000000000000000444e-01,0.000000000000000000e+00
8.000000000000000444e-01,0.000000000000000000e+00
8.000000000000000444e-01,0.000000000000000000e+00
8.000000000000000444e-01,0.000000000000000000e+00
8.000000000000000444e-01,1.076923076923076872e+00
8.000000000000000444e-01,3.403906267077622116e-01
8.000000000000000444e-01,2.114919984387197971e-01
8.000000000000000444e-01,-7.762636220514907981e-01
8.000000000000000444e-01,1.058997849695524129e+00
8.000000000000000444e-01,-7.874095454860531307e-01
8.000000000000000444e-01,-7.885585115632063324e-01
8.000000000000000444e-01,0.000000000000000000e+00
8.000000000000000444e-01,1.088888888888888795e+00
8.000000000000000444e-01,-7.672674692469682034e-01
8.000000000000000444e-01,1.000000000000000000e+00
8.000000000000000444e-01,-7.281589714979934680e-01
8.000000000000000444e-01,-8.239999999999999547e-01
8.000000000000000444e-01,0.000000000000000000e+00
8.000000000000000444e-01,0.000000000000000000e+00
8.000000000000000444e-01,0.000000000000000000e+00
8.000000000000000444e-01,9.567664669952039569e-01
8.000000000000000444e-01,-7.779607843137255063e-01
8.000000000000000444e-01,0.000000000000000000e+00
8.000000000000000444e-01,0.000000000000000000e+00
8.000000000000000444e-01,0.000000000000000000e+00
8.000000000000000444e-01,0.000000000000000000e+00
8.000000000000000444e-01,0.000000000000000000e+00
8.000000000000000444e-01,0.000000000000000000e+00
8.000000000000000444e-01,1.070422535211267512e+00
8.000000000000000444e-01,-7.522123893805309214e-01
8.000000000000000444e-01,3.064516129032257563e-01
8.000000000000000444e-01,-8.141512418921057481e-01
8.000000000000000444e-01,1.074999999999999956e+00
8.000000000000000444e-01,2.567176570953517700e-01
8.000000000000000444e-01,-7.711002950916107102e-01
8.000000000000000444e-01,1.067307692307692291e+00
8.000000000000000444e-01,2.663335645154026876e-01
8.000000000000000444e-01,-7.572799321154584096e-01
8.000000000000000444e-01,-7.980426095071827541e-01
8.000000000000000444e-01,0.000000000000000000e+00
8.000000000000000444e-01,0.000000000000000000e+00
8.000000000000000444e-01,0.000000000000000000e+00
8.000000000000000444e-01,0.000000000000000000e+00
8.000000000000000444e-01,1.000000000000000000e+00
8.000000000000000444e-01,-7.720979787941524286e-01
8.000000000000000444e-01,-7.970002970002969533e-01
8.000000000000000444e-01,0.000000000000000000e+00
8.000000000000000444e-01,0.000000000000000000e+00
8.000000000000000444e-01,0.000000000000000000e+00
8.000000000000000444e-01,0.000000000000000000e+00
8.000000000000000444e-01,0.000000000000000000e+00
8.000000000000000444e-01,0.000000000000000000e+00
8.000000000000000444e-01,0.000000000000000000e+00
8.000000000000000444e-01,1.137404580152671763e+00
8.000000000000000444e-01,3.488935480460904071e-01
8.000000000000000444e-01,-7.162302307492869335e-01
8.000000000000000444e-01,0.000000000000000000e+00
8.000000000000000444e-01,0.000000000000000000e+00
8.000000000000000444e-01,0.000000000000000000e+00
8.000000000000000444e-01,0.000000000000000000e+00
8.000000000000000444e-01,0.000000000000000000e+00
8.000000000000000444e-01,0.000000000000000000e+00
8.000000000000000444e-01,0.000000000000000000e+00
8.000000000000000444e-01,0.000000000000000000e+00
8.000000000000000444e-01,-7.253521126760563709e-01
8.000000000000000444e-01,1.172185430463576150e+00
8.000000000000000444e-01,3.643886251942707322e-01
8.000000000000000444e-01,-7.920329320676378071e-01
8.000000000000000444e-01,0.000000000000000000e+00
8.000000000000000444e-01,0.000000000000000000e+00
8.000000000000000444e-01,0.000000000000000000e+00
8.000000000000000444e-01,1.106666666666666687e+00
8.000000000000000444e-01,-7.351642865572995955e-01
8.000000000000000444e-01,-7.777777777777777901e-01
8.000000000000000444e-01,0.000000000000000000e+00
8.000000000000000444e-01,0.000000000000000000e+00
8.000000000000000444e-01,1.153846153846153744e+00
8.000000000000000444e-01,-7.657892608075448360e-01
8.000000000000000444e-01,-7.235772357723577741e-01
8.000000000000000444e-01,0.000000000000000000e+00
8.000000000000000444e-01,1.141509433962264231e+00
8.000000000000000444e-01,3.844932844932844596e-01
8.000000000000000444e-01,-7.838837691048164968e-01
8.000000000000000444e-01,0.000000000000000000e+00
8.000000000000000444e-01,0.000000000000000000e+00
8.000000000000000444e-01,1.137362637362637319e+00
8.000000000000000444e-01,-7.506424859294819063e-01
8.000000000000000444e-01,-7.746598639455781754e-01
8.000000000000000444e-01,0.000000000000000000e+00
8.000000000000000444e-01,0.000000000000000000e+00
8.000000000000000444e-01,0.000000000000000000e+00
8.000000000000000444e-01,0.000000000000000000e+00
8.000000000000000444e-01,0.000000000000000000e+00
8.000000000000000444e-01,0.000000000000000000e+00
8.000000000000000444e-01,1.137254901960784270e+00
8.000000000000000444e-01,-7.746140581924876312e-01
8.000000000000000444e-01,0.000000000000000000e+00
8.000000000000000444e-01,0.000000000000000000e+00
8.000000000000000444e-01,1.161290322580645240e+00
8.000000000000000444e-01,3.347783856699723115e-01
8.000000000000000444e-01,-7.552287725908999327e-01
8.000000000000000444e-01,2.161993042365627504e-01
8.000000000000000444e-01,-7.197181727596706491e-01
8.000000000000000444e-01,-7.699115044247787365e-01
8.000000000000000444e-01,0.000000000000000000e+00
8.000000000000000444e-01,0.000000000000000000e+00
8.000000000000000444e-01,0.000000000000000000e+00
8.000000000000000444e-01,0.000000000000000000e+00
8.000000000000000444e-01,1.108695652173913082e+00
8.000000000000000444e-01,3.311566857509665729e-01
8.000000000000000444e-01,-7.815919854363790886e-01
8.000000000000000444e-01,-7.209302325581394832e-01
8.000000000000000444e-01,0.000000000000000000e+00
8.000000000000000444e-01,0.000000000000000000e+00
8.000000000000000444e-01,0.000000000000000000e+00
8.000000000000000444e-01,1.104651162790697638e+00
8.000000000000000444e-01,2.904616945712835685e-01
8.000000000000000444e-01,2.480006615840898432e-01
8.000000000000000444e-01,-7.975453421339004922e-01
8.000000000000000444e-01,-7.500289584752520833e-01
8.000000000000000444e-01,0.000000000000000000e+00
8.000000000000000444e-01,0.000000000000000000e+00
8.000000000000000444e-01,1.102040816326530503e+00
8.000000000000000444e-01,3.529411764705882026e-01
8.000000000000000444e-01,-7.400082576383153476e-01
8.000000000000000444e-01,2.572599055571190840e-01
8.000000000000000444e-01,-7.950913441521687552e-01
8.000000000000000444e-01,1.069767441860465018e+00
8.000000000000000444e-01,2.515782723746124994e-01
8.000000000000000444e-01,-8.208692920711855301e-01
8.000000000000000444e-01,-7.697368421052631637e-01
8.000000000000000444e-01,0.000000000000000000e+00
8.000000000000000444e-01,1.031250000000000000e+00
8.000000000000000444e-01,2.712828724319712448e-01
8.000000000000000444e-01,-7.771246013535563213e-01
8.000000000000000444e-01,0.000000000000000000e+00
8.000000000000000444e-01,0.000000000000000000e+00
8.000000000000000444e-01,-7.305389221556886081e-01
8.000000000000000444e-01,0.000000000000000000e+00
8.000000000000000444e-01,0.000000000000000000e+00
8.000000000000000444e-01,0.000000000000000000e+00
8.000000000000000444e-01,1.133333333333333304e+00
8.000000000000000444e-01,-7.611940298507462455e-01
8.000000000000000444e-01,1.106685633001422531e+00
8.000000000000000444e-01,3.433279168602416664e-01
8.000000000000000444e-01,-7.778925442941795332e-01
8.000000000000000444e-01,2.441229656419531269e-01
8.000000000000000444e-01,-7.771788399561335714e-01
8.000000000000000444e-01,1.075471698113207530e+00
8.000000000000000444e-01,-7.264957264957264682e-01
8.000000000000000444e-01,0.000000000000000000e+00
8.000000000000000444e-01,1.098484848484848397e+00
8.000000000000000444e-01,-6.920179372197310386e-01
8.000000000000000444e-01,-7.615101065708992367e-01
8.000000000000000444e-01,0.000000000000000000e+00
8.000000000000000444e-01,1.097560975609756184e+00
8.000000000000000444e-01,-7.866883727175080221e-01
8.000000000000000444e-01,0.000000000000000000e+00
8.000000000000000444e-01,0.000000000000000000e+00
8.000000000000000444e-01,0.000000000000000000e+00
8.000000000000000444e-01,1.047435190292333118e+00
8.000000000000000444e-01,2.046275110197708358e-01
8.000000000000000444e-01,1.564290341031620013e-01
8.000000000000000444e-01,-8.065616217581356162e-01
8.000000000000000444e-01,-7.918574282258171726e-01
8.000000000000000444e-01,-7.990867579908675911e-01
8.000000000000000444e-01,1.057971014492753659e+00
8.000000000000000444e-01,0.000000000000000000e+00
8.000000000000000444e-01,-8.243243243243243423e-01
8.000000000000000444e-01,0.000000000000000000e+00
8.000000000000000444e-01,0.000000000000000000e+00
8.000000000000000444e-01,0.000000000000000000e+00
8.000000000000000444e-01,1.093750000000000000e+00
8.000000000000000444e-01,-8.307103705527737469e-01
8.000000000000000444e-01,0.000000000000000000e+00
8.000000000000000444e-01,0.000000000000000000e+00
8.000000000000000444e-01,1.078431372549019551e+00
8.000000000000000444e-01,-8.079352225261714482e-01
8.000000000000000444e-01,1.090909090909090828e+00
8.000000000000000444e-01,-7.966970031062431401e-01
8.000000000000000444e-01,-7.757009345794392274e-01
8.000000000000000444e-01,0.000000000000000000e+00
8.000000000000000444e-01,0.000000000000000000e+00
8.000000000000000444e-01,0.000000000000000000e+00
8.000000000000000444e-01,0.000000000000000000e+00
8.000000000000000444e-01,0.000000000000000000e+00
8.000000000000000444e-01,1.140235910878112602e+00
8.000000000000000444e-01,3.623940494724097183e-01
8.000000000000000444e-01,-7.939149634267081979e-01
8.000000000000000444e-01,0.000000000000000000e+00
8.000000000000000444e-01,0.000000000000000000e+00
8.000000000000000444e-01,-7.500000000000000000e-01
8.000000000000000444e-01,0.000000000000000000e+00
8.000000000000000444e-01,1.148936170212766061e+00
8.000000000000000444e-01,1.101161440185830509e+00
8.000000000000000444e-01,0.000000000000000000e+00
4.400000000000000022e-01,0.000000000000000000e+00
8.000000000000000444e-01,-7.462844098374699087e-01
8.000000000000000444e-01,-7.549530984355158347e-01
8.000000000000000444e-01,3.516483516483516203e-01
8.000000000000000444e-01,3.703404111897539153e-01
8.000000000000000444e-01,0.000000000000000000e+00
4.400000000000000022e-01,0.000000000000000000e+00
8.000000000000000444e-01,-8.053169610913624155e-01
8.000000000000000444e-01,0.000000000000000000e+00
8.000000000000000444e-01,1.058823529411764719e+00
8.000000000000000444e-01,-7.444330076538243635e-01
8.000000000000000444e-01,1.494949494949495694e-01
8.000000000000000444e-01,-8.123026008293878775e-01
8.000000000000000444e-01,0.000000000000000000e+00
8.000000000000000444e-01,0.000000000000000000e+00
8.000000000000000444e-01,9.268707482993198132e-01
8.000000000000000444e-01,1.903565927069144070e-01
8.000000000000000444e-01,-8.226979528083259163e-01
8.000000000000000444e-01,-7.522935779816514179e-01
8.000000000000000444e-01,0.000000000000000000e+00
8.000000000000000444e-01,0.000000000000000000e+00
8.000000000000000444e-01,0.000000000000000000e+00
8.000000000000000444e-01,1.095238095238095344e+00
8.000000000000000444e-01,-8.000000000000000444e-01
8.000000000000000444e-01,0.000000000000000000e+00
8.000000000000000444e-01,0.000000000000000000e+00
8.000000000000000444e-01,1.100917431192660612e+00
8.000000000000000444e-01,-8.006493506493506107e-01
8.000000000000000444e-01,0.000000000000000000e+00
8.000000000000000444e-01,1.055555555555555580e+00
8.000000000000000444e-01,-7.728027326193194213e-01
8.000000000000000444e-01,0.000000000000000000e+00
8.000000000000000444e-01,1.104166666666666741e+00
8.000000000000000444e-01,-7.457526777020447861e-01
8.000000000000000444e-01,-7.724867724867724439e-01
8.000000000000000444e-01,0.000000000000000000e+00
8.000000000000000444e-01,0.000000000000000000e+00
8.000000000000000444e-01,0.000000000000000000e+00
8.000000000000000444e-01,0.000000000000000000e+00
8.000000000000000444e-01,0.000000000000000000e+00
8.000000000000000444e-01,0.000000000000000000e+00
8.000000000000000444e-01,0.000000000000000000e+00
8.000000000000000444e-01,0.000000000000000000e+00
8.000000000000000444e-01,0.000000000000000000e+00
8.000000000000000444e-01,0.000000000000000000e+00
8.000000000000000444e-01,1.135802469135802406e+00
8.000000000000000444e-01,-7.786464535535949638e-01
8.000000000000000444e-01,1.139999999999999902e+00
8.000000000000000444e-01,-7.486788617886178665e-01
8.000000000000000444e-01,-7.736875800256082236e-01
8.000000000000000444e-01,1.136363636363636465e+00
8.000000000000000444e-01,-7.605984115504232923e-01
8.000000000000000444e-01,0.000000000000000000e+00
8.000000000000000444e-01,0.000000000000000000e+00
8.000000000000000444e-01,0.000000000000000000e+00
8.000000000000000444e-01,0.000000000000000000e+00
8.000000000000000444e-01,0.000000000000000000e+00
8.000000000000000444e-01,0.000000000000000000e+00
8.000000000000000444e-01,0.000000000000000000e+00
8.000000000000000444e-01,0.000000000000000000e+00
8.000000000000000444e-01,1.108108108108108114e+00
8.000000000000000444e-01,-7.512558906134647607e-01
8.000000000000000444e-01,3.904954871983792319e-01
8.000000000000000444e-01,-7.638795986622073375e-01
8.000000000000000444e-01,1.105661881977671346e+00
8.000000000000000444e-01,-7.396064675695702695e-01
8.000000000000000444e-01,1.096153846153846256e+00
8.000000000000000444e-01,-7.451332003348861699e-01
8.000000000000000444e-01,2.591864541844807190e-01
8.000000000000000444e-01,-7.503777654183660939e-01
8.000000000000000444e-01,-7.703349282296650946e-01
8.000000000000000444e-01,0.000000000000000000e+00
8.000000000000000444e-01,0.000000000000000000e+00
8.000000000000000444e-01,0.000000000000000000e+00
8.000000000000000444e-01,1.103703703703703631e+00
8.000000000000000444e-01,2.663777671487050913e-01
8.000000000000000444e-01,2.123340566478779667e-01
8.000000000000000444e-01,2.592150920009632653e-01
8.000000000000000444e-01,2.815847546573544413e-01
8.000000000000000444e-01,-7.512849312869535057e-01
8.000000000000000444e-01,-7.619074023145681052e-01
8.000000000000000444e-01,-7.500000000000000000e-01
8.000000000000000444e-01,0.000000000000000000e+00
8.000000000000000444e-01,0.000000000000000000e+00
8.000000000000000444e-01,0.000000000000000000e+00
8.000000000000000444e-01,1.091743119266054940e+00
8.000000000000000444e-01,-7.912440838404326549e-01
8.000000000000000444e-01,1.062500000000000000e+00
8.000000000000000444e-01,2.410506160506160622e-01
8.000000000000000444e-01,-7.884414647005191235e-01
8.000000000000000444e-01,-8.301767676767677351e-01
8.000000000000000444e-01,1.039215686274509887e+00
8.000000000000000444e-01,-8.016646052360337782e-01
8.000000000000000444e-01,1.013636363636363669e+00
8.000000000000000444e-01,-7.566619915848527000e-01
8.000000000000000444e-01,1.065040650406503975e+00
8.000000000000000444e-01,-7.930950263368357067e-01
8.000000000000000444e-01,-7.586206896551723755e-01
8.000000000000000444e-01,1.000000000000000000e+00
8.000000000000000444e-01,-7.500000000000000000e-01
8.000000000000000444e-01,0.000000000000000000e+00
8.000000000000000444e-01,7.731481481481481399e-01
8.000000000000000444e-01,-7.692307692307692735e-01
8.000000000000000444e-01,0.000000000000000000e+00
8.000000000000000444e-01,0.000000000000000000e+00
8.000000000000000444e-01,1.073170731707317138e+00
8.000000000000000444e-01,-8.137366818873668084e-01
8.000000000000000444e-01,0.000000000000000000e+00
8.000000000000000444e-01,0.000000000000000000e+00
8.000000000000000444e-01,1.070175438596491224e+00
8.000000000000000444e-01,-7.654163114521170819e-01
8.000000000000000444e-01,0.000000000000000000e+00
8.000000000000000444e-01,0.000000000000000000e+00
8.000000000000000444e-01,0.000000000000000000e+00
8.000000000000000444e-01,0.000000000000000000e+00
8.000000000000000444e-01,0.000000000000000000e+00
8.000000000000000444e-01,3.446244477172312193e-01
8.000000000000000444e-01,3.241207506514618419e-01
8.000000000000000444e-01,-8.265740035011325260e-01
8.000000000000000444e-01,0.000000000000000000e+00
8.000000000000000444e-01,0.000000000000000000e+00
8.000000000000000444e-01,-7.759856630824373269e-01
8.000000000000000444e-01,0.000000000000000000e+00
8.000000000000000444e-01,1.102104532839963014e+00
8.000000000000000444e-01,-7.846153846153847145e-01
8.000000000000000444e-01,0.000000000000000000e+00
8.000000000000000444e-01,1.127279766304156494e+00
8.000000000000000444e-01,3.037243846904478239e-01
8.000000000000000444e-01,-7.752504287967791896e-01
8.000000000000000444e-01,1.068965517241379226e+00
8.000000000000000444e-01,-7.095051160878013130e-01
8.000000000000000444e-01,-7.669488819238837740e-01
8.000000000000000444e-01,0.000000000000000000e+00
8.000000000000000444e-01,0.000000000000000000e+00
8.000000000000000444e-01,0.000000000000000000e+00
8.000000000000000444e-01,0.000000000000000000e+00
8.000000000000000444e-01,1.098765432098765427e+00
8.000000000000000444e-01,-8.162882862524664107e-01
8.000000000000000444e-01,0.000000000000000000e+00
8.000000000000000444e-01,0.000000000000000000e+00
8.000000000000000444e-01,1.125000000000000000e+00
8.000000000000000444e-01,3.139217079980204383e-01
8.000000000000000444e-01,-7.170765620550471064e-01
8.000000000000000444e-01,-7.813654175002263669e-01
8.000000000000000444e-01,0.000000000000000000e+00
8.000000000000000444e-01,-7.692307692307692735e-01
8.000000000000000444e-01,0.000000000000000000e+00
8.000000000000000444e-01,0.000000000000000000e+00
8.000000000000000444e-01,0.000000000000000000e+00
8.000000000000000444e-01,0.000000000000000000e+00
8.000000000000000444e-01,0.000000000000000000e+00
8.000000000000000444e-01,1.206896551724137900e+00
8.000000000000000444e-01,1.137931034482758674e+00
8.000000000000000444e-01,-6.834799425095188230e-01
8.000000000000000444e-01,-7.792379679213089494e-01
8.000000000000000444e-01,1.111111111111111160e+00
8.000000000000000444e-01,-7.768046928264430440e-01
8.000000000000000444e-01,1.070175438596491224e+00
8.000000000000000444e-01,-7.377578044715117356e-01
8.000000000000000444e-01,-7.997966520320424211e-01
8.000000000000000444e-01,0.000000000000000000e+00
8.000000000000000444e-01,0.000000000000000000e+00
8.000000000000000444e-01,1.088888888888888795e+00
8.000000000000000444e-01,-7.757606837606838557e-01
8.000000000000000444e-01,2.789033882783883422e-01
8.000000000000000444e-01,-8.224874855602618551e-01
8.000000000000000444e-01,0.000000000000000000e+00
8.000000000000000444e-01,0.000000000000000000e+00
8.000000000000000444e-01,0.000000000000000000e+00
8.000000000000000444e-01,0.000000000000000000e+00
8.000000000000000444e-01,3.179611650485436591e-01
8.000000000000000444e-01,0.000000000000000000e+00
8.000000000000000444e-01,1.096153846153846256e+00
8.000000000000000444e-01,2.633460144877840525e-01
8.000000000000000444e-01,-7.695433655074150892e-01
8.000000000000000444e-01,-7.951350073492043924e-01
8.000000000000000444e-01,1.066666666666666652e+00
8.000000000000000444e-01,-7.726722763020403839e-01
8.000000000000000444e-01,-7.761194029850746468e-01
8.000000000000000444e-01,0.000000000000000000e+00
8.000000000000000444e-01,0.000000000000000000e+00
8.000000000000000444e-01,0.000000000000000000e+00
8.000000000000000444e-01,0.000000000000000000e+00
8.000000000000000444e-01,0.000000000000000000e+00
8.000000000000000444e-01,0.000000000000000000e+00
8.000000000000000444e-01,0.000000000000000000e+00
8.000000000000000444e-01,0.000000000000000000e+00
8.000000000000000444e-01,0.000000000000000000e+00
8.000000000000000444e-01,1.241379310344827624e+00
8.000000000000000444e-01,0.000000000000000000e+00
8.000000000000000444e-01,-7.534443168771527422e-01
8.000000000000000444e-01,1.175438596491228171e+00
8.000000000000000444e-01,-7.967479674796748013e-01
8.000000000000000444e-01,0.000000000000000000e+00
8.000000000000000444e-01,0.000000000000000000e+00
8.000000000000000444e-01,1.136752136752136710e+00
8.000000000000000444e-01,-7.206397567446424235e-01
8.000000000000000444e-01,3.215081600871938505e-01
8.000000000000000444e-01,3.093154776353814750e-01
8.000000000000000444e-01,-8.212014411027567240e-01
8.000000000000000444e-01,-7.732558139534884134e-01
8.000000000000000444e-01,0.000000000000000000e+00
8.000000000000000444e-01,0.000000000000000000e+00
8.000000000000000444e-01,1.104000000000000092e+00
8.000000000000000444e-01,-7.832473174499477997e-01
8.000000000000000444e-01,1.102580963340457076e+00
8.000000000000000444e-01,-7.806642978420418322e-01
8.000000000000000444e-01,-7.506097560975609762e-01
8.000000000000000444e-01,1.127659574468085069e+00
8.000000000000000444e-01,2.876408375227249570e-01
8.000000000000000444e-01,-7.297297297297297147e-01
8.000000000000000444e-01,0.000000000000000000e+00
8.000000000000000444e-01,0.000000000000000000e+00
8.000000000000000444e-01,0.000000000000000000e+00
8.000000000000000444e-01,2.895877009084556475e-01
8.000000000000000444e-01,2.866454489876648637e-01
8.000000000000000444e-01,-8.162721121590684747e-01
8.000000000000000444e-01,-7.777777777777777901e-01
8.000000000000000444e-01,0.000000000000000000e+00
8.000000000000000444e-01,1.131448412698412787e+00
8.000000000000000444e-01,-7.234042553191489811e-01
8.000000000000000444e-01,1.115384615384615419e+00
8.000000000000000444e-01,-7.608695652173913526e-01
8.000000000000000444e-01,1.063291139240506222e+00
8.000000000000000444e-01,-7.927995044171515238e-01
8.000000000000000444e-01,2.844827586206897241e-01
8.000000000000000444e-01,1.000000000000000000e+00
8.000000000000000444e-01,-8.328234752523389073e-01
8.000000000000000444e-01,-8.381124327386009210e-01
8.000000000000000444e-01,1.033783783783783772e+00
8.000000000000000444e-01,-7.638580880553437202e-01
8.000000000000000444e-01,-7.972027972027971865e-01
8.000000000000000444e-01,0.000000000000000000e+00
8.000000000000000444e-01,1.096153846153846256e+00
8.000000000000000444e-01,2.541192031836165821e-01
8.000000000000000444e-01,-7.896197157942849154e-01
8.000000000000000444e-01,0.000000000000000000e+00
8.000000000000000444e-01,0.000000000000000000e+00
8.000000000000000444e-01,0.000000000000000000e+00
8.000000000000000444e-01,1.074074074074074181e+00
8.000000000000000444e-01,-7.621827122296913615e-01
8.000000000000000444e-01,-7.559055118110236116e-01
8.000000000000000444e-01,0.000000000000000000e+00
8.000000000000000444e-01,1.122222222222222232e+00
8.000000000000000444e-01,2.791319666880205386e-01
8.000000000000000444e-01,-7.971303872622647058e-01
8.000000000000000444e-01,1.097744360902255689e+00
8.000000000000000444e-01,-7.942307336061642520e-01
8.000000000000000444e-01,-8.439393939393939892e-01
8.000000000000000444e-01,1.041666666666666741e+00
8.000000000000000444e-01,2.239100610265721825e-01
8.000000000000000444e-01,-7.646103896103896291e-01
8.000000000000000444e-01,1.015789473684210575e+00
8.000000000000000444e-01,-7.518170561291386278e-01
8.000000000000000444e-01,2.851867298737925660e-01
8.000000000000000444e-01,-8.238636363636363535e-01
8.000000000000000444e-01,1.000000000000000000e+00
8.000000000000000444e-01,2.486006049592615064e-01
8.000000000000000444e-01,-7.265237054168173225e-01
8.000000000000000444e-01,1.022988505747126409e+00
8.000000000000000444e-01,-7.021986258601083941e-01
8.000000000000000444e-01,1.631361865871578942e-01
8.000000000000000444e-01,-7.940712983822847404e-01
8.000000000000000444e-01,0.000000000000000000e+00
8.000000000000000444e-01,-9.705882352941176405e-01
8.000000000000000444e-01,1.000000000000000000e+00
8.000000000000000444e-01,1.692307692307691847e-01
8.000000000000000444e-01,1.907082812302794972e-01
8.000000000000000444e-01,-7.847098665153898756e-01
8.000000000000000444e-01,0.000000000000000000e+00
8.000000000000000444e-01,0.000000000000000000e+00
8.000000000000000444e-01,0.000000000000000000e+00
8.000000000000000444e-01,1.000000000000000000e+00
8.000000000000000444e-01,-7.262569832402234749e-01
8.000000000000000444e-01,0.000000000000000000e+00
8.000000000000000444e-01,0.000000000000000000e+00
8.000000000000000444e-01,0.000000000000000000e+00
8.000000000000000444e-01,2.939752555137170598e-01
8.000000000000000444e-01,1.066578483245149922e+00
8.000000000000000444e-01,-7.497246422691404844e-01
8.000000000000000444e-01,2.496556173654880251e-01
8.000000000000000444e-01,-8.154059086673933754e-01
8.000000000000000444e-01,0.000000000000000000e+00
8.000000000000000444e-01,0.000000000000000000e+00
8.000000000000000444e-01,0.000000000000000000e+00
8.000000000000000444e-01,0.000000000000000000e+00
8.000000000000000444e-01,0.000000000000000000e+00
8.000000000000000444e-01,0.000000000000000000e+00
8.000000000000000444e-01,0.000000000000000000e+00
8.000000000000000444e-01,0.000000000000000000e+00
8.000000000000000444e-01,0.000000000000000000e+00
8.000000000000000444e-01,0.000000000000000000e+00
8.000000000000000444e-01,1.129310344827586299e+00
8.000000000000000444e-01,-7.757550167226042737e-01
8.000000000000000444e-01,2.529824561403509753e-01
8.000000000000000444e-01,1.060047918538484568e+00
8.000000000000000444e-01,-7.675653591512459073e-01
8.000000000000000444e-01,2.237138655386096131e-01
8.000000000000000444e-01,-7.618246774206987038e-01
8.000000000000000444e-01,-8.000000000000000444e-01
8.000000000000000444e-01,0.000000000000000000e+00
8.000000000000000444e-01,0.000000000000000000e+00
8.000000000000000444e-01,0.000000000000000000e+00
8.000000000000000444e-01,0.000000000000000000e+00
8.000000000000000444e-01,0.000000000000000000e+00
8.000000000000000444e-01,0.000000000000000000e+00
8.000000000000000444e-01,1.101694915254237239e+00
8.000000000000000444e-01,3.359332345086798455e-01
8.000000000000000444e-01,-8.163366511990364227e-01
8.000000000000000444e-01,-7.500000000000000000e-01
8.000000000000000444e-01,1.112903225806451513e+00
8.000000000000000444e-01,2.538461538461539435e-01
8.000000000000000444e-01,2.894079992356657360e-01
8.000000000000000444e-01,-7.811496596336551246e-01
8.000000000000000444e-01,0.000000000000000000e+00
8.000000000000000444e-01,0.000000000000000000e+00
8.000000000000000444e-01,1.094339622641509413e+00
8.000000000000000444e-01,-7.475688562373954404e-01
8.000000000000000444e-01,-7.633277975995527154e-01
8.000000000000000444e-01,0.000000000000000000e+00
8.000000000000000444e-01,0.000000000000000000e+00
8.000000000000000444e-01,0.000000000000000000e+00
8.000000000000000444e-01,1.103174603174603252e+00
8.000000000000000444e-01,3.567653668426223890e-01
8.000000000000000444e-01,-7.668540169663939920e-01
8.000000000000000444e-01,2.103076008615591963e-01
8.000000000000000444e-01,-8.230948768911238167e-01
8.000000000000000444e-01,0.000000000000000000e+00
8.000000000000000444e-01,0.000000000000000000e+00
8.000000000000000444e-01,0.000000000000000000e+00
8.000000000000000444e-01,0.000000000000000000e+00
8.000000000000000444e-01,1.065573770491803351e+00
8.000000000000000444e-01,-7.528366740387127942e-01
8.000000000000000444e-01,-7.272727272727272929e-01
8.000000000000000444e-01,0.000000000000000000e+00
8.000000000000000444e-01,0.000000000000000000e+00
8.000000000000000444e-01,0.000000000000000000e+00
8.000000000000000444e-01,0.000000000000000000e+00
8.000000000000000444e-01,0.000000000000000000e+00
8.000000000000000444e-01,0.000000000000000000e+00
8.000000000000000444e-01,0.000000000000000000e+00
8.000000000000000444e-01,0.000000000000000000e+00
8.000000000000000444e-01,0.000000000000000000e+00
8.000000000000000444e-01,0.000000000000000000e+00
8.000000000000000444e-01,8.750000000000000000e-01
8.000000000000000444e-01,1.199999999999999956e+00
8.000000000000000444e-01,-7.161745534643969568e-01
8.000000000000000444e-01,4.569181975649225791e-01
8.000000000000000444e-01,-7.654451947412036494e-01
8.000000000000000444e-01,0.000000000000000000e+00
8.000000000000000444e-01,4.097368421052630660e-01
8.000000000000000444e-01,-7.734545465064344150e-01
8.000000000000000444e-01,1.105263157894736947e+00
8.000000000000000444e-01,3.590356533980840759e-01
8.000000000000000444e-01,-7.348545008938487388e-01
8.000000000000000444e-01,2.962720541945473851e-01
8.000000000000000444e-01,-8.043848912919361327e-01
8.000000000000000444e-01,-8.437500000000000000e-01
8.000000000000000444e-01,1.067796610169491567e+00
8.000000000000000444e-01,2.450355967455899453e-01
8.000000000000000444e-01,2.494585687382298023e-01
8.000000000000000444e-01,-7.658982229626241089e-01
8.000000000000000444e-01,-7.771607628608785401e-01
8.000000000000000444e-01,0.000000000000000000e+00
8.000000000000000444e-01,0.000000000000000000e+00
8.000000000000000444e-01,1.105263157894736947e+00
8.000000000000000444e-01,-7.655094225021288334e-01
8.000000000000000444e-01,0.000000000000000000e+00
8.000000000000000444e-01,1.029850746268656803e+00
8.000000000000000444e-01,-8.245833103794431018e-01
8.000000000000000444e-01,1.094202898550724612e+00
8.000000000000000444e-01,-7.350672689588769737e-01
8.000000000000000444e-01,2.470968444551489007e-01
8.000000000000000444e-01,1.966675385326960290e-01
8.000000000000000444e-01,-8.213919846328492369e-01
8.000000000000000444e-01,0.000000000000000000e+00
8.000000000000000444e-01,0.000000000000000000e+00
8.000000000000000444e-01,1.033150183150183254e+00
8.000000000000000444e-01,-7.187768749331121532e-01
8.000000000000000444e-01,2.190048634493078072e-01
8.000000000000000444e-01,-8.075411170952572215e-01
8.000000000000000444e-01,1.000000000000000000e+00
8.000000000000000444e-01,-7.841144568846551977e-01
8.000000000000000444e-01,0.000000000000000000e+00
8.000000000000000444e-01,0.000000000000000000e+00
8.000000000000000444e-01,0.000000000000000000e+00
8.000000000000000444e-01,-7.754010695187165680e-01
8.000000000000000444e-01,7.528089887640448952e-01
8.000000000000000444e-01,2.888751033912323463e-01
8.000000000000000444e-01,1.034482758620689724e+00
8.000000000000000444e-01,1.750348512787515132e-01
8.000000000000000444e-01,-8.016738319901239862e-01
8.000000000000000444e-01,1.976077926295138898e-01
8.000000000000000444e-01,-8.247422680412370699e-01
8.000000000000000444e-01,1.000000000000000000e+00
8.000000000000000444e-01,-7.593847199504742962e-01
8.000000000000000444e-01,2.380731146136074727e-01
8.000000000000000444e-01,9.402985074626866169e-01
8.000000000000000444e-01,-7.586055640697629832e-01
8.000000000000000444e-01,-8.041926581013486564e-01
8.000000000000000444e-01,1.919081465281574639e-01
8.000000000000000444e-01,-8.142857142857142794e-01
8.000000000000000444e-01,0.000000000000000000e+00
8.000000000000000444e-01,8.641160949868074148e-01
8.000000000000000444e-01,-8.222222222222221877e-01
8.000000000000000444e-01,0.000000000000000000e+00
8.000000000000000444e-01,0.000000000000000000e+00
8.000000000000000444e-01,7.512195121951219523e-01
8.000000000000000444e-01,1.033107191316146700e+00
8.000000000000000444e-01,-7.755676139005114322e-01
8.000000000000000444e-01,-7.222222222222222099e-01
8.000000000000000444e-01,0.000000000000000000e+00
8.000000000000000444e-01,0.000000000000000000e+00
8.000000000000000444e-01,7.756410256410256610e-01
8.000000000000000444e-01,0.000000000000000000e+00
8.000000000000000444e-01,-7.712418300653594017e-01
8.000000000000000444e-01,0.000000000000000000e+00
8.000000000000000444e-01,0.000000000000000000e+00
8.000000000000000444e-01,1.068702290076335881e+00
8.000000000000000444e-01,2.337892277873216962e-01
8.000000000000000444e-01,-8.119678483959749116e-01
8.000000000000000444e-01,0.000000000000000000e+00
8.000000000000000444e-01,0.000000000000000000e+00
8.000000000000000444e-01,0.000000000000000000e+00
8.000000000000000444e-01,1.000000000000000000e+00
8.000000000000000444e-01,-7.744395374509940311e-01
8.000000000000000444e-01,-7.507380310614812924e-01
8.000000000000000444e-01,0.000000000000000000e+00
8.000000000000000444e-01,0.000000000000000000e+00
8.000000000000000444e-01,1.100000000000000089e+00
8.000000000000000444e-01,-7.778552071234997589e-01
8.000000000000000444e-01,1.122222222222222232e+00
8.000000000000000444e-01,-8.124183744137019048e-01
8.000000000000000444e-01,0.000000000000000000e+00
8.000000000000000444e-01,1.066298342541436517e+00
8.000000000000000444e-01,-7.783052817884048569e-01
8.000000000000000444e-01,3.316923260532284035e-01
8.000000000000000444e-01,-8.006255208636160470e-01
8.000000000000000444e-01,1.033560304593465817e+00
8.000000000000000444e-01,2.776487754347246595e-01
8.000000000000000444e-01,-7.063266471309957995e-01
8.000000000000000444e-01,1.938034188034187810e-01
8.000000000000000444e-01,-8.039215686274510109e-01
8.000000000000000444e-01,0.000000000000000000e+00
8.000000000000000444e-01,0.000000000000000000e+00
8.000000000000000444e-01,0.000000000000000000e+00
8.000000000000000444e-01,0.000000000000000000e+00
8.000000000000000444e-01,0.000000000000000000e+00
8.000000000000000444e-01,0.000000000000000000e+00
8.000000000000000444e-01,1.055555555555555580e+00
8.000000000000000444e-01,-7.491600910726294860e-01
8.000000000000000444e-01,2.367427131955818220e-01
8.000000000000000444e-01,-7.883861236802413019e-01
8.000000000000000444e-01,0.000000000000000000e+00
8.000000000000000444e-01,9.838709677419354982e-01
8.000000000000000444e-01,1.863201664355181864e-01
8.000000000000000444e-01,-7.949574341095054786e-01
8.000000000000000444e-01,1.666010756919847902e-01
8.000000000000000444e-01,1.000000000000000000e+00
8.000000000000000444e-01,-7.409303781176594939e-01
8.000000000000000444e-01,-7.609649122807017330e-01
8.000000000000000444e-01,1.000000000000000000e+00
8.000000000000000444e-01,-7.794230848256825661e-01
8.000000000000000444e-01,0.000000000000000000e+00
8.000000000000000444e-01,-8.540564373897707728e-01
8.000000000000000444e-01,0.000000000000000000e+00
8.000000000000000444e-01,0.000000000000000000e+00
8.000000000000000444e-01,1.063829787234042534e+00
8.000000000000000444e-01,-8.256302521008402895e-01
8.000000000000000444e-01,0.000000000000000000e+00
8.000000000000000444e-01,0.000000000000000000e+00
8.000000000000000444e-01,1.022222222222222143e+00
8.000000000000000444e-01,1.030769230769230660e+00
8.000000000000000444e-01,-7.599901255106317199e-01
8.000000000000000444e-01,-7.891587524472427617e-01
8.000000000000000444e-01,0.000000000000000000e+00
8.000000000000000444e-01,0.000000000000000000e+00
8.000000000000000444e-01,2.762148337595907721e-01
8.000000000000000444e-01,0.000000000000000000e+00
8.000000000000000444e-01,0.000000000000000000e+00
8.000000000000000444e-01,0.000000000000000000e+00
8.000000000000000444e-01,-7.652668256005867864e-01
8.000000000000000444e-01,0.000000000000000000e+00
8.000000000000000444e-01,1.098837209302325535e+00
8.000000000000000444e-01,1.023809523809523725e+00
8.000000000000000444e-01,-7.715486070590914514e-01
8.000000000000000444e-01,1.993134486361627378e-01
8.000000000000000444e-01,-7.659466308554726544e-01
8.000000000000000444e-01,2.599058782424925607e-01
8.000000000000000444e-01,-7.689951113940273197e-01
8.000000000000000444e-01,0.000000000000000000e+00
8.000000000000000444e-01,0.000000000000000000e+00
8.000000000000000444e-01,1.000000000000000000e+00
8.000000000000000444e-01,-8.026839207905384077e-01
8.000000000000000444e-01,1.035714285714285809e+00
8.000000000000000444e-01,-7.552771547426152532e-01
8.000000000000000444e-01,1.000000000000000000e+00
8.000000000000000444e-01,3.271044845921264876e-01
8.000000000000000444e-01,-7.989587806393922964e-01
8.000000000000000444e-01,-8.543458741342365714e-01
8.000000000000000444e-01,0.000000000000000000e+00
8.000000000000000444e-01,1.000000000000000000e+00
8.000000000000000444e-01,1.341767612620298200e-01
8.000000000000000444e-01,-7.565563791051402864e-01
8.000000000000000444e-01,-7.739726027397260122e-01
8.000000000000000444e-01,0.000000000000000000e+00
8.000000000000000444e-01,1.034090909090909172e+00
8.000000000000000444e-01,-7.865914158305462589e-01
8.000000000000000444e-01,0.000000000000000000e+00
8.000000000000000444e-01,0.000000000000000000e+00
8.000000000000000444e-01,0.000000000000000000e+00
8.000000000000000444e-01,1.028985507246376718e+00
8.000000000000000444e-01,-8.154729058602803171e-01
8.000000000000000444e-01,-8.015873015873016261e-01
8.000000000000000444e-01,0.000000000000000000e+00
8.000000000000000444e-01,1.069767441860465018e+00
8.000000000000000444e-01,-8.100343053173242325e-01
8.000000000000000444e-01,1.068935723514211844e+00
8.000000000000000444e-01,-7.494855967078188907e-01
8.000000000000000444e-01,0.000000000000000000e+00
8.000000000000000444e-01,0.000000000000000000e+00
8.000000000000000444e-01,0.000000000000000000e+00
8.000000000000000444e-01,1.156250000000000000e+00
8.000000000000000444e-01,-7.931113138686132213e-01
8.000000000000000444e-01,0.000000000000000000e+00
8.000000000000000444e-01,0.000000000000000000e+00
8.000000000000000444e-01,0.000000000000000000e+00
8.000000000000000444e-01,0.000000000000000000e+00
8.000000000000000444e-01,0.000000000000000000e+00
8.000000000000000444e-01,-7.254901960784313486e-01
8.000000000000000444e-01,1.167741935483870952e+00
8.000000000000000444e-01,1.137499999999999956e+00
8.000000000000000444e-01,-7.461403835304895038e-01
8.000000000000000444e-01,2.856051845734068895e-01
8.000000000000000444e-01,-7.202884386380319359e-01
8.000000000000000444e-01,-7.687242725892535766e-01
8.000000000000000444e-01,0.000000000000000000e+00
8.000000000000000444e-01,0.000000000000000000e+00
8.000000000000000444e-01,0.000000000000000000e+00
8.000000000000000444e-01,1.127659574468085069e+00
8.000000000000000444e-01,2.918203667733743067e-01
8.000000000000000444e-01,-7.433220338983050901e-01
8.000000000000000444e-01,2.528725307226398211e-01
8.000000000000000444e-01,-7.910604840429401596e-01
8.000000000000000444e-01,1.092105263157894690e+00
8.000000000000000444e-01,2.815994475095057181e-01
8.000000000000000444e-01,-8.284172829868514665e-01
8.000000000000000444e-01,-7.757575757575757569e-01
8.000000000000000444e-01,-5.999999999999999778e-02
4.400000000000000022e-01,0.000000000000000000e+00
4.400000000000000022e-01,0.000000000000000000e+00
4.400000000000000022e-01,0.000000000000000000e+00
8.000000000000000444e-01,0.000000000000000000e+00
8.000000000000000444e-01,1.128205128205128194e+00
8.000000000000000444e-01,3.468070175438597857e-01
8.000000000000000444e-01,-7.728304120558708856e-01
8.000000000000000444e-01,0.000000000000000000e+00
8.000000000000000444e-01,1.029411764705882248e+00
8.000000000000000444e-01,-7.535083806100754122e-01
8.000000000000000444e-01,2.591824029881718561e-01
8.000000000000000444e-01,-7.996447053371437130e-01
8.000000000000000444e-01,-7.470930232558139483e-01
8.000000000000000444e-01,1.125000000000000000e+00
8.000000000000000444e-01,1.060515873015873023e+00
8.000000000000000444e-01,-8.136253424258320655e-01
8.000000000000000444e-01,-7.968750000000000000e-01
8.000000000000000444e-01,1.034482758620689724e+00
8.000000000000000444e-01,-7.715581865778200488e-01
8.000000000000000444e-01,0.000000000000000000e+00
8.000000000000000444e-01,-7.724137931034482651e-01
8.000000000000000444e-01,0.000000000000000000e+00
8.000000000000000444e-01,0.000000000000000000e+00
8.000000000000000444e-01,0.000000000000000000e+00
8.000000000000000444e-01,0.000000000000000000e+00
8.000000000000000444e-01,0.000000000000000000e+00
8.000000000000000444e-01,1.138888888888888840e+00
8.000000000000000444e-01,1.168224299065420579e+00
8.000000000000000444e-01,-7.505505404238800304e-01
8.000000000000000444e-01,-8.274711123655494882e-01
8.000000000000000444e-01,1.101449275362318847e+00
8.000000000000000444e-01,-8.322026696640695276e-01
8.000000000000000444e-01,1.077380952380952550e+00
8.000000000000000444e-01,2.330207783173475766e-01
8.000000000000000444e-01,-7.436366338612097060e-01
8.000000000000000444e-01,-7.856399256357955441e-01
8.000000000000000444e-01,2.877862968685822587e-01
8.000000000000000444e-01,-7.750222750222750534e-01
8.000000000000000444e-01,0.000000000000000000e+00
8.000000000000000444e-01,0.000000000000000000e+00
8.000000000000000444e-01,0.000000000000000000e+00
8.000000000000000444e-01,0.000000000000000000e+00
8.000000000000000444e-01,0.000000000000000000e+00
8.000000000000000444e-01,0.000000000000000000e+00
8.000000000000000444e-01,1.133333333333333304e+00
8.000000000000000444e-01,-7.516586277761602153e-01
8.000000000000000444e-01,7.666666666666667185e-01
8.000000000000000444e-01,-7.924191260581103791e-01
8.000000000000000444e-01,0.000000000000000000e+00
8.000000000000000444e-01,0.000000000000000000e+00
8.000000000000000444e-01,0.000000000000000000e+00
8.000000000000000444e-01,0.000000000000000000e+00
8.000000000000000444e-01,0.000000000000000000e+00
8.000000000000000444e-01,0.000000000000000000e+00
8.000000000000000444e-01,0.000000000000000000e+00
8.000000000000000444e-01,0.000000000000000000e+00
8.000000000000000444e-01,0.000000000000000000e+00
8.000000000000000444e-01,0.000000000000000000e+00
8.000000000000000444e-01,0.000000000000000000e+00
8.000000000000000444e-01,0.000000000000000000e+00
8.000000000000000444e-01,1.165193230613791320e+00
8.000000000000000444e-01,4.169145983237662056e-01
8.000000000000000444e-01,-7.532907154442680664e-01
8.000000000000000444e-01,-7.660044456299456295e-01
8.000000000000000444e-01,0.000000000000000000e+00
8.000000000000000444e-01,0.000000000000000000e+00
8.000000000000000444e-01,0.000000000000000000e+00
8.000000000000000444e-01,0.000000000000000000e+00
8.000000000000000444e-01,0.000000000000000000e+00
8.000000000000000444e-01,1.199999999999999956e+00
8.000000000000000444e-01,-7.505336018164164846e-01
8.000000000000000444e-01,1.130769230769230749e+00
8.000000000000000444e-01,-7.225193018016671243e-01
8.000000000000000444e-01,-8.166510372795462436e-01
8.000000000000000444e-01,1.101694915254237239e+00
8.000000000000000444e-01,-7.633376452855988870e-01
8.000000000000000444e-01,-7.619047619047618625e-01
8.000000000000000444e-01,0.000000000000000000e+00
8.000000000000000444e-01,1.105263157894736947e+00
8.000000000000000444e-01,2.753431938823983627e-01
8.000000000000000444e-01,2.883530624144055032e-01
8.000000000000000444e-01,-7.625681012495215683e-01
8.000000000000000444e-01,-7.731481481481481399e-01
8.000000000000000444e-01,0.000000000000000000e+00
8.000000000000000444e-01,1.131147540983606481e+00
8.000000000000000444e-01,-7.641185962081484817e-01
8.000000000000000444e-01,0.000000000000000000e+00
8.000000000000000444e-01,1.028571428571428470e+00
8.000000000000000444e-01,-7.641425142184962160e-01
8.000000000000000444e-01,-7.898268398268397661e-01
8.000000000000000444e-01,0.000000000000000000e+00
8.000000000000000444e-01,0.000000000000000000e+00
8.000000000000000444e-01,1.096774193548387011e+00
8.000000000000000444e-01,-7.485714285714285543e-01
8.000000000000000444e-01,1.064516129032258007e+00
8.000000000000000444e-01,2.987593023342833831e-01
8.000000000000000444e-01,-7.524667405448612900e-01
8.000000000000000444e-01,1.044776119402984982e+00
8.000000000000000444e-01,-6.890693518524610983e-01
8.000000000000000444e-01,0.000000000000000000e+00
8.000000000000000444e-01,-7.811594202898550776e-01
8.000000000000000444e-01,-7.755452821242294625e-01
8.000000000000000444e-01,0.000000000000000000e+00
8.000000000000000444e-01,0.000000000000000000e+00
8.000000000000000444e-01,0.000000000000000000e+00
8.000000000000000444e-01,7.739938080495356587e-01
8.000000000000000444e-01,-7.541899441340782495e-01
8.000000000000000444e-01,0.000000000000000000e+00
8.000000000000000444e-01,0.000000000000000000e+00
8.000000000000000444e-01,0.000000000000000000e+00
8.000000000000000444e-01,1.139130434782608781e+00
8.000000000000000444e-01,1.125000000000000000e+00
8.000000000000000444e-01,-6.869656959071039903e-01
8.000000000000000444e-01,-7.744680851063829863e-01
8.000000000000000444e-01,0.000000000000000000e+00
8.000000000000000444e-01,0.000000000000000000e+00
8.000000000000000444e-01,0.000000000000000000e+00
8.000000000000000444e-01,0.000000000000000000e+00
8.000000000000000444e-01,0.000000000000000000e+00
8.000000000000000444e-01,0.000000000000000000e+00
8.000000000000000444e-01,0.000000000000000000e+00
8.000000000000000444e-01,0.000000000000000000e+00
8.000000000000000444e-01,0.000000000000000000e+00
8.000000000000000444e-01,-7.279999999999999805e-01
8.000000000000000444e-01,1.169642857142857206e+00
8.000000000000000444e-01,-8.125554670610990460e-01
8.000000000000000444e-01,0.000000000000000000e+00
8.000000000000000444e-01,0.000000000000000000e+00
8.000000000000000444e-01,9.695423623995051976e-01
8.000000000000000444e-01,1.135482180293501120e+00
8.000000000000000444e-01,-6.394497314515261710e-01
4.400000000000000022e-01,0.000000000000000000e+00
8.000000000000000444e-01,0.000000000000000000e+00
8.000000000000000444e-01,-8.265306122448979886e-01
8.000000000000000444e-01,-7.234042553191489811e-01
8.000000000000000444e-01,0.000000000000000000e+00
8.000000000000000444e-01,0.000000000000000000e+00
8.000000000000000444e-01,0.000000000000000000e+00
8.000000000000000444e-01,0.000000000000000000e+00
8.000000000000000444e-01,0.000000000000000000e+00
8.000000000000000444e-01,1.202702702702702631e+00
8.000000000000000444e-01,-7.416666666666666963e-01
8.000000000000000444e-01,0.000000000000000000e+00
1.000000000000000056e-01,1.000000000000000000e+00
1.000000000000000056e-01,1.000000000000000000e+00
1.000000000000000056e-01,1.000000000000000000e+00
1.000000000000000056e-01,1.000000000000000000e+00
1.000000000000000056e-01,1.000000000000000000e+00
1.000000000000000056e-01,1.000000000000000000e+00
1.000000000000000056e-01,1.000000000000000000e+00
1.000000000000000056e-01,1.000000000000000000e+00
1.000000000000000056e-01,1.000000000000000000e+00
1.000000000000000056e-01,1.000000000000000000e+00
1.000000000000000056e-01,1.000000000000000000e+00
1.000000000000000056e-01,1.000000000000000000e+00
1.000000000000000056e-01,1.000000000000000000e+00
1.000000000000000056e-01,1.000000000000000000e+00
1.000000000000000056e-01,1.000000000000000000e+00
1.000000000000000056e-01,1.000000000000000000e+00
1.000000000000000056e-01,1.000000000000000000e+00
1.000000000000000056e-01,1.000000000000000000e+00
1.000000000000000056e-01,1.000000000000000000e+00
1.000000000000000056e-01,1.000000000000000000e+00
1.000000000000000056e-01,1.000000000000000000e+00
1.000000000000000056e-01,1.000000000000000000e+00
1.000000000000000056e-01,1.000000000000000000e+00
1.000000000000000056e-01,1.000000000000000000e+00
1.000000000000000056e-01,1.000000000000000000e+00
1.000000000000000056e-01,1.000000000000000000e+00
1.000000000000000056e-01,1.000000000000000000e+00
1.000000000000000056e-01,1.000000000000000000e+00
1.000000000000000056e-01,1.000000000000000000e+00
1.000000000000000056e-01,1.000000000000000000e+00
1.000000000000000056e-01,1.000000000000000000e+00
1.000000000000000056e-01,1.000000000000000000e+00
1.000000000000000056e-01,1.000000000000000000e+00
1.000000000000000056e-01,1.000000000000000000e+00
1.000000000000000056e-01,1.000000000000000000e+00
1.000000000000000056e-01,1.000000000000000000e+00
1.000000000000000056e-01,1.000000000000000000e+00
1.000000000000000056e-01,1.000000000000000000e+00
1.000000000000000056e-01,1.000000000000000000e+00
1.000000000000000056e-01,1.000000000000000000e+00
1.000000000000000056e-01,1.000000000000000000e+00
1.000000000000000056e-01,1.000000000000000000e+00
1.000000000000000056e-01,1.000000000000000000e+00
1.000000000000000056e-01,1.000000000000000000e+00
1.000000000000000056e-01,1.000000000000000000e+00
1.000000000000000056e-01,1.000000000000000000e+00
1.000000000000000056e-01,1.000000000000000000e+00
1.000000000000000056e-01,1.000000000000000000e+00
1.000000000000000056e-01,1.000000000000000000e+00
1.000000000000000056e-01,1.000000000000000000e+00
1.000000000000000056e-01,1.000000000000000000e+00
1.000000000000000056e-01,1.000000000000000000e+00
1.000000000000000056e-01,1.000000000000000000e+00
1.000000000000000056e-01,1.000000000000000000e+00
1.000000000000000056e-01,1.000000000000000000e+00
1.000000000000000056e-01,1.000000000000000000e+00
1.000000000000000056e-01,1.000000000000000000e+00
1.000000000000000056e-01,1.000000000000000000e+00
1.000000000000000056e-01,1.000000000000000000e+00
1.000000000000000056e-01,1.000000000000000000e+00
1.000000000000000056e-01,1.000000000000000000e+00
1.000000000000000056e-01,1.000000000000000000e+00
1.000000000000000056e-01,1.000000000000000000e+00
8.000000000000000444e-01,5.799999999999999600e-01
4.400000000000000022e-01,0.000000000000000000e+00
4.400000000000000022e-01,0.000000000000000000e+00
8.000000000000000444e-01,6.428571428571429047e-01
8.000000000000000444e-01,-9.899672681406426200e-01
8.000000000000000444e-01,-9.010810810810810922e-01
8.000000000000000444e-01,6.691195952559111371e-01
8.000000000000000444e-01,7.604286536248561212e-01
8.000000000000000444e-01,8.009476389538693342e-01
8.000000000000000444e-01,-2.794448612153038747e-01
8.000000000000000444e-01,8.756402620607504073e-01
8.000000000000000444e-01,9.085714285714285854e-01
8.000000000000000444e-01,9.110375635841919673e-01
8.000000000000000444e-01,2.717138330536217339e-02
8.000000000000000444e-01,3.397264860063398118e-02
8.000000000000000444e-01,1.167659186897462842e-01
8.000000000000000444e-01,1.938426873169480924e-01
8.000000000000000444e-01,-8.625841564904767056e-01
8.000000000000000444e-01,1.088254755996690415e-01
8.000000000000000444e-01,6.342388575891122482e-02
8.000000000000000444e-01,-1.081716637272189807e-02
8.000000000000000444e-01,1.534391534391543743e-02
8.000000000000000444e-01,9.117191533298907302e-02
8.000000000000000444e-01,5.609177959721445283e-02
8.000000000000000444e-01,6.080133735979309506e-02
8.000000000000000444e-01,0.000000000000000000e+00
4.400000000000000022e-01,0.000000000000000000e+00
8.000000000000000444e-01,1.062524114123261088e+00
8.000000000000000444e-01,1.115846961029560713e-01
8.000000000000000444e-01,-1.584333521391834143e-02
8.000000000000000444e-01,9.906856101757133271e-02
8.000000000000000444e-01,1.110981896111349343e-01
8.000000000000000444e-01,7.039261444327737927e-02
8.000000000000000444e-01,-8.454672551162941696e-01
8.000000000000000444e-01,2.001553370107880259e-01
8.000000000000000444e-01,-8.247757737313742288e-01
8.000000000000000444e-01,-2.134386446886447075e-01
8.000000000000000444e-01,1.515946931084546367e-01
8.000000000000000444e-01,-9.066666666666666208e-01
8.000000000000000444e-01,0.000000000000000000e+00
8.000000000000000444e-01,1.103960670267275956e+00
8.000000000000000444e-01,1.809282037119650521e-01
8.000000000000000444e-01,2.534496992569877927e-01
8.000000000000000444e-01,2.461514368815923559e-01
8.000000000000000444e-01,1.816760379392331481e-01
8.000000000000000444e-01,2.522405067450192995e-01
8.000000000000000444e-01,3.308765181784136811e-01
8.000000000000000444e-01,2.191665436526785138e-01
8.000000000000000444e-01,2.673429289708857404e-01
8.000000000000000444e-01,-8.017060261810230459e-01
8.000000000000000444e-01,2.383364719424816425e-01
8.000000000000000444e-01,1.599448957743805355e-01
8.000000000000000444e-01,2.411059191467588292e-01
8.000000000000000444e-01,-9.292219857210571865e-01
8.000000000000000444e-01,2.666957325797914002e-03
8.000000000000000444e-01,4.357061169882969764e-02
8.000000000000000444e-01,-3.036784340677334271e-03
8.000000000000000444e-01,-8.911853920630498083e-01
8.000000000000000444e-01,1.015404260417464011e-01
8.000000000000000444e-01,1.711419265185392113e-01
8.000000000000000444e-01,1.477748634017599372e-01
8.000000000000000444e-01,1.073597737976371702e-01
8.000000000000000444e-01,1.067670075184141698e-01
8.000000000000000444e-01,1.766948316651140161e-02
8.000000000000000444e-01,2.164345387979729196e-01
8.000000000000000444e-01,2.187629101001861143e-01
8.000000000000000444e-01,-8.634150495299870443e-01
8.000000000000000444e-01,-8.390699755249937386e-01
8.000000000000000444e-01,5.310504216506117814e-02
8.000000000000000444e-01,1.693464428132773758e-02
8.000000000000000444e-01,3.234447633118353593e-02
8.000000000000000444e-01,1.593137254901961786e-01
8.000000000000000444e-01,1.095277777777777795e+00
8.000000000000000444e-01,1.721694837587430804e-01
8.000000000000000444e-01,1.885383100160890057e-01
8.000000000000000444e-01,1.267470627837510300e-01
8.000000000000000444e-01,6.744287710417784520e-02
8.000000000000000444e-01,2.111931898142072050e-01
8.000000000000000444e-01,2.206217100653237173e-01
8.000000000000000444e-01,9.365719669267491554e-02
8.000000000000000444e-01,-8.713769622433984452e-01
8.000000000000000444e-01,-8.883783395780584513e-01
8.000000000000000444e-01,1.106321839080459668e-01
8.000000000000000444e-01,9.109174291502486476e-02
8.000000000000000444e-01,1.267329710321211111e-01
8.000000000000000444e-01,1.761984133212524117e-01
8.000000000000000444e-01,1.644843743827749671e-01
8.000000000000000444e-01,1.372393879777183967e-01
8.000000000000000444e-01,8.878294439797174142e-02
8.000000000000000444e-01,1.195070162318926377e-01
8.000000000000000444e-01,9.856516653493452296e-02
8.000000000000000444e-01,-5.849454662192887788e-03
8.000000000000000444e-01,7.270877825538335504e-02
8.000000000000000444e-01,-9.446740884715113529e-01
8.000000000000000444e-01,-9.067164078473411992e-01
8.000000000000000444e-01,1.189189189189189255e-01
8.000000000000000444e-01,-6.869939088978482822e-03
8.000000000000000444e-01,1.328789531079608288e-01
8.000000000000000444e-01,-9.072481572481572165e-01
8.000000000000000444e-01,1.099585062240663991e+00
8.000000000000000444e-01,9.805854241338107791e-02
8.000000000000000444e-01,4.437119675456391299e-02
8.000000000000000444e-01,1.426029805799835515e-01
8.000000000000000444e-01,3.139759860644517619e-01
8.000000000000000444e-01,2.399484273863616846e-01
8.000000000000000444e-01,2.410539821381643133e-01
8.000000000000000444e-01,2.103091364691562770e-01
8.000000000000000444e-01,3.341861431445625197e-01
8.000000000000000444e-01,1.366824750543597089e-01
8.000000000000000444e-01,2.703296393796013053e-01
8.000000000000000444e-01,2.222922338712586265e-01
8.000000000000000444e-01,-8.361986558308786011e-01
8.000000000000000444e-01,1.944708291740555595e-01
8.000000000000000444e-01,-8.472918206601951496e-01
8.000000000000000444e-01,1.910913825791727971e-01
8.000000000000000444e-01,7.961334245128848242e-02
8.000000000000000444e-01,-2.856402437512506332e-02
8.000000000000000444e-01,6.057481844979883956e-02
8.000000000000000444e-01,2.662622252488755503e-02
8.000000000000000444e-01,5.767513383764155677e-02
8.000000000000000444e-01,9.489552720755911608e-03
8.000000000000000444e-01,3.140945085381208202e-03
8.000000000000000444e-01,-1.742303526693578242e-03
8.000000000000000444e-01,3.468686924270159011e-03
8.000000000000000444e-01,-5.229130214011523670e-02
8.000000000000000444e-01,5.763859481829303189e-02
8.000000000000000444e-01,-9.940296920384904533e-01
8.000000000000000444e-01,1.628349447666858074e-01
8.000000000000000444e-01,2.233849004566690333e-01
8.000000000000000444e-01,-8.248841066079573014e-01
8.000000000000000444e-01,3.839348903043171557e-02
8.000000000000000444e-01,4.840451644575372026e-02
8.000000000000000444e-01,-3.816410861865393578e-02
8.000000000000000444e-01,3.639020293432049247e-02
8.000000000000000444e-01,1.023409363745498180e+00
8.000000000000000444e-01,9.254983699140972853e-02
8.000000000000000444e-01,9.696177343934497816e-02
8.000000000000000444e-01,5.173843683200907151e-02
8.000000000000000444e-01,1.460986239671326903e-01
8.000000000000000444e-01,-1.506311912885882620e-02
8.000000000000000444e-01,1.363799451293571385e-01
8.000000000000000444e-01,5.869437123393728140e-02
8.000000000000000444e-01,1.862836652301135265e-01
8.000000000000000444e-01,-9.150586080922076260e-01
8.000000000000000444e-01,1.458709784262970377e-01
8.000000000000000444e-01,1.427485961444195928e-01
8.000000000000000444e-01,5.616751046177093087e-02
8.000000000000000444e-01,3.493536849912304287e-02
8.000000000000000444e-01,-2.281385194703777763e-03
8.000000000000000444e-01,-6.525535042520647089e-02
8.000000000000000444e-01,-3.226607305900763834e-02
8.000000000000000444e-01,-9.848576443068308706e-01
8.000000000000000444e-01,2.481142493161558882e-02
8.000000000000000444e-01,8.439265422187613996e-02
8.000000000000000444e-01,1.283913091182335986e-01
8.000000000000000444e-01,1.520858111990444073e-01
8.000000000000000444e-01,2.311508142174493186e-01
8.000000000000000444e-01,-8.703542472996357304e-01
8.000000000000000444e-01,1.050691996344170320e+00
8.000000000000000444e-01,2.545036217504801357e-01
8.000000000000000444e-01,-8.499999999999999778e-01
8.000000000000000444e-01,1.224372289242489087e-01
8.000000000000000444e-01,1.523281474125565138e-01
8.000000000000000444e-01,7.732336497549463505e-02
8.000000000000000444e-01,1.440402985803335145e-01
8.000000000000000444e-01,2.185913632579482568e-01
8.000000000000000444e-01,1.306472655784581827e-01
8.000000000000000444e-01,1.734033629463241910e-01
8.000000000000000444e-01,3.351495184771025038e-02
8.000000000000000444e-01,6.440718838359105192e-02
8.000000000000000444e-01,4.997810789728773795e-02
8.000000000000000444e-01,5.922071017023333717e-02
8.000000000000000444e-01,9.640407526951821904e-02
8.000000000000000444e-01,0.000000000000000000e+00
4.400000000000000022e-01,0.000000000000000000e+00
8.000000000000000444e-01,1.074263399851128620e-01
8.000000000000000444e-01,-9.214096688026482962e-01
8.000000000000000444e-01,4.201286326667164062e-03
8.000000000000000444e-01,-9.071545186011885642e-01
8.000000000000000444e-01,6.227929373996787810e-02
8.000000000000000444e-01,2.739726027397260122e-02
8.000000000000000444e-01,8.533178594282686547e-02
8.000000000000000444e-01,2.752293577981645978e-02
8.000000000000000444e-01,1.012658227848101333e+00
8.000000000000000444e-01,9.699695848920086849e-02
8.000000000000000444e-01,7.082632721127524178e-02
8.000000000000000444e-01,8.081994271000314534e-02
8.000000000000000444e-01,2.025139560424737972e-02
8.000000000000000444e-01,-8.935820170821905384e-01
8.000000000000000444e-01,1.054931383865589378e-01
8.000000000000000444e-01,2.109471923451808895e-01
8.000000000000000444e-01,1.069013437935062427e-01
8.000000000000000444e-01,1.887108347285337828e-01
8.000000000000000444e-01,-8.698423417858802686e-01
8.000000000000000444e-01,8.873307543520314589e-02
8.000000000000000444e-01,9.382426516572861530e-02
8.000000000000000444e-01,1.837136483362898920e-01
8.000000000000000444e-01,1.204336415299344099e-01
8.000000000000000444e-01,1.566689512858395750e-01
8.000000000000000444e-01,9.360553282176298229e-02
8.000000000000000444e-01,1.298421929154847110e-01
8.000000000000000444e-01,7.317369236166559876e-02
8.000000000000000444e-01,8.440703921009173882e-02
8.000000000000000444e-01,8.465718537846245173e-02
8.000000000000000444e-01,-8.968770840187474391e-01
8.000000000000000444e-01,2.001125766495788216e-01
8.000000000000000444e-01,-8.152625921459175640e-01
8.000000000000000444e-01,1.784390063033000073e-01
8.000000000000000444e-01,1.858333333333334059e-01
8.000000000000000444e-01,1.107070386810400375e-01
8.000000000000000444e-01,2.082817467432851455e-01
8.000000000000000444e-01,2.391554182648668592e-01
8.000000000000000444e-01,2.347609968994387453e-01
8.000000000000000444e-01,1.216371094614802084e-01
8.000000000000000444e-01,9.240022517407220359e-02
8.000000000000000444e-01,2.115303902081291376e-01
8.000000000000000444e-01,7.699734522766232825e-02
8.000000000000000444e-01,1.755462955603873665e-01
8.000000000000000444e-01,3.395926805997240283e-02
8.000000000000000444e-01,-9.072144820949739064e-01
8.000000000000000444e-01,8.981434525331022378e-02
8.000000000000000444e-01,1.605780556996193598e-01
8.000000000000000444e-01,1.600334969971450860e-01
8.000000000000000444e-01,1.112708824991284207e-01
8.000000000000000444e-01,1.585647324000518665e-01
8.000000000000000444e-01,-7.599528461390284706e-01
8.000000000000000444e-01,1.506241227187811171e-01
8.000000000000000444e-01,1.006005561705650697e-01
8.000000000000000444e-01,8.533810817646181324e-02
8.000000000000000444e-01,2.529646640828497883e-02
8.000000000000000444e-01,5.956261521685879412e-02
8.000000000000000444e-01,6.577465827592809955e-02
8.000000000000000444e-01,2.366543840681556432e-02
8.000000000000000444e-01,4.553535190147417477e-02
8.000000000000000444e-01,-2.828076548433955395e-02
8.000000000000000444e-01,-4.414349535492501087e-02
8.000000000000000444e-01,-9.002813957074283779e-01
8.000000000000000444e-01,1.247857913761803994e-01
8.000000000000000444e-01,-9.346405228758168926e-01
8.000000000000000444e-01,1.024390243902439046e+00
8.000000000000000444e-01,-8.726755674623932757e-01
8.000000000000000444e-01,1.314273049645390268e-01
8.000000000000000444e-01,1.603375361176779812e-01
8.000000000000000444e-01,1.373567608861725464e-01
8.000000000000000444e-01,1.097560975609756184e+00
8.000000000000000444e-01,1.278091251463872036e-01
8.000000000000000444e-01,1.080180643688147812e-01
8.000000000000000444e-01,1.115394426493517832e-01
8.000000000000000444e-01,5.968962907939212581e-02
8.000000000000000444e-01,3.157965064112544518e-02
8.000000000000000444e-01,7.466537769099113042e-02
8.000000000000000444e-01,1.012234027997207519e-01
8.000000000000000444e-01,1.184292389627187303e-01
8.000000000000000444e-01,-8.749363518681876339e-01
8.000000000000000444e-01,-9.009424024347304494e-01
8.000000000000000444e-01,3.976408733574343657e-02
8.000000000000000444e-01,5.264550264550271752e-02
8.000000000000000444e-01,-9.848484848484848619e-01
8.000000000000000444e-01,1.037307851766806843e+00
8.000000000000000444e-01,9.754207355951542979e-01
8.000000000000000444e-01,1.753858276932267479e-01
8.000000000000000444e-01,1.130608014807145123e-01
8.000000000000000444e-01,3.771855063645312978e-02
8.000000000000000444e-01,9.240654698080996710e-03
8.000000000000000444e-01,1.521361551838011916e-01
8.000000000000000444e-01,-9.602634190154878402e-01
8.000000000000000444e-01,9.647252547231388586e-02
8.000000000000000444e-01,-9.105854674615792010e-01
8.000000000000000444e-01,1.147799138300283905e-01
8.000000000000000444e-01,1.184167357369803053e-01
8.000000000000000444e-01,1.985294117647058432e-01
8.000000000000000444e-01,1.178843086737824120e-01
8.000000000000000444e-01,2.021873283839497049e-01
8.000000000000000444e-01,2.315922148222173682e-01
8.000000000000000444e-01,1.403960341160018777e-01
8.000000000000000444e-01,1.222545089973214871e-01
8.000000000000000444e-01,-8.821852944929714502e-01
8.000000000000000444e-01,4.798947884054260982e-02
8.000000000000000444e-01,2.240443256429553998e-01
8.000000000000000444e-01,1.904894180164773410e-01
8.000000000000000444e-01,1.430164979474420894e-01
8.000000000000000444e-01,1.299945452806898771e-01
8.000000000000000444e-01,9.347670489717307962e-02
8.000000000000000444e-01,-8.355283408439909687e-01
8.000000000000000444e-01,2.067888970880398247e-01
8.000000000000000444e-01,2.556923906059958007e-01
8.000000000000000444e-01,1.671020358780892501e-01
8.000000000000000444e-01,-8.533675937461051575e-01
8.000000000000000444e-01,1.116769012753897172e+00
8.000000000000000444e-01,1.444976233786977593e-01
8.000000000000000444e-01,2.063385984441336030e-01
8.000000000000000444e-01,1.761176681375550279e-01
8.000000000000000444e-01,6.455919353118377835e-02
8.000000000000000444e-01,1.151764482266184331e-01
8.000000000000000444e-01,1.886191770676959312e-02
8.000000000000000444e-01,1.146846611268470539e-02
8.000000000000000444e-01,-1.105336338528472018e-01
8.000000000000000444e-01,-1.761539575489869947e-01
8.000000000000000444e-01,-9.716113843366681602e-01
8.000000000000000444e-01,1.382885958026216500e-01
8.000000000000000444e-01,2.652621928382736805e-02
