1.000000000000000056e-01,-1.000000000000000000e+00
1.000000000000000056e-01,-1.000000000000000000e+00
1.000000000000000056e-01,-1.000000000000000000e+00
1.000000000000000056e-01,-1.000000000000000000e+00
1.000000000000000056e-01,-1.000000000000000000e+00
1.000000000000000056e-01,-1.000000000000000000e+00
1.000000000000000056e-01,-1.000000000000000000e+00
1.000000000000000056e-01,-1.000000000000000000e+00
1.000000000000000056e-01,-1.000000000000000000e+00
1.000000000000000056e-01,-1.000000000000000000e+00
1.000000000000000056e-01,-1.000000000000000000e+00
1.000000000000000056e-01,-1.000000000000000000e+00
1.000000000000000056e-01,-1.000000000000000000e+00
1.000000000000000056e-01,-1.000000000000000000e+00
1.000000000000000056e-01,-1.000000000000000000e+00
1.000000000000000056e-01,-1.000000000000000000e+00
1.000000000000000056e-01,-1.000000000000000000e+00
1.000000000000000056e-01,-1.000000000000000000e+00
1.000000000000000056e-01,-1.000000000000000000e+00
1.000000000000000056e-01,-1.000000000000000000e+00
4.400000000000000022e-01,1.000000000000000000e+00
4.400000000000000022e-01,1.000000000000000000e+00
4.400000000000000022e-01,1.000000000000000000e+00
4.400000000000000022e-01,1.000000000000000000e+00
4.400000000000000022e-01,1.000000000000000000e+00
4.400000000000000022e-01,1.000000000000000000e+00
4.400000000000000022e-01,1.000000000000000000e+00
4.400000000000000022e-01,1.000000000000000000e+00
4.400000000000000022e-01,1.000000000000000000e+00
8.000000000000000444e-01,9.713369963369963278e-01
8.000000000000000444e-01,9.156759906759903700e-02
8.000000000000000444e-01,5.769408716572588247e-02
8.000000000000000444e-01,0.000000000000000000e+00
4.400000000000000022e-01,0.000000000000000000e+00
8.000000000000000444e-01,1.217522413589713359e-01
8.000000000000000444e-01,9.713064713064712974e-01
8.000000000000000444e-01,1.797510689937099615e-01
8.000000000000000444e-01,9.629334808912992649e-02
8.000000000000000444e-01,1.259198829579395440e-01
8.000000000000000444e-01,-8.287218025952824974e-01
8.000000000000000444e-01,-8.447550711197281403e-01
8.000000000000000444e-01,-8.232558139534883468e-01
8.000000000000000444e-01,9.677419354838709964e-01
8.000000000000000444e-01,8.882190921089239133e-02
8.000000000000000444e-01,9.294871794871795156e-02
8.000000000000000444e-01,1.751159819807706075e-01
8.000000000000000444e-01,5.019550630237656907e-02
8.000000000000000444e-01,4.187187053119112434e-02
8.000000000000000444e-01,8.156318187896871574e-02
8.000000000000000444e-01,1.372820914534977899e-01
8.000000000000000444e-01,9.221106125564726419e-02
8.000000000000000444e-01,9.403851632089765822e-02
8.000000000000000444e-01,1.247337174494269618e-01
8.000000000000000444e-01,1.185143279138559658e-01
8.000000000000000444e-01,-8.685971386241794212e-01
8.000000000000000444e-01,1.405022679499944305e-01
8.000000000000000444e-01,-8.716098986393936432e-01
8.000000000000000444e-01,9.665271966527196890e-01
8.000000000000000444e-01,1.798265787892238121e-01
8.000000000000000444e-01,1.116424124069383961e-01
8.000000000000000444e-01,3.197009777540160691e-02
8.000000000000000444e-01,4.734630535776507276e-02
8.000000000000000444e-01,3.272844488182968803e-02
8.000000000000000444e-01,4.425131464121789815e-02
8.000000000000000444e-01,4.930271043265299635e-02
8.000000000000000444e-01,4.977892755368440447e-02
8.000000000000000444e-01,5.424004351386191303e-02
8.000000000000000444e-01,-1.276511539227520586e-02
8.000000000000000444e-01,6.135336306143412965e-02
8.000000000000000444e-01,-9.191225128397301214e-01
8.000000000000000444e-01,-8.927879291251383798e-01
8.000000000000000444e-01,6.087891737891737431e-02
8.000000000000000444e-01,9.090909090909090606e-01
8.000000000000000444e-01,6.833080058672758028e-02
8.000000000000000444e-01,5.799749716800417509e-02
8.000000000000000444e-01,4.212167345954676012e-02
8.000000000000000444e-01,4.414287713511366729e-02
8.000000000000000444e-01,1.229978461584814164e-01
8.000000000000000444e-01,-3.046592433004180478e-02
8.000000000000000444e-01,-5.586523815683785976e-02
8.000000000000000444e-01,5.400641999199551346e-02
8.000000000000000444e-01,-1.095044521873790311e-01
8.000000000000000444e-01,3.932716384745416072e-02
8.000000000000000444e-01,6.173322850933393724e-02
8.000000000000000444e-01,7.139095872995138148e-02
8.000000000000000444e-01,1.003833140449454930e-01
8.000000000000000444e-01,-2.379890663112715909e-02
8.000000000000000444e-01,-6.624761265137368849e-02
8.000000000000000444e-01,4.032651429340172733e-02
8.000000000000000444e-01,1.231609998645877280e-02
8.000000000000000444e-01,6.623236504262741686e-02
8.000000000000000444e-01,-1.449488307678825638e-02
8.000000000000000444e-01,-7.386619228733071196e-05
8.000000000000000444e-01,-2.629639748469125848e-02
8.000000000000000444e-01,-7.343588923328026041e-02
8.000000000000000444e-01,4.051286143285404151e-02
8.000000000000000444e-01,-2.821858949117350690e-02
8.000000000000000444e-01,-6.800947291074133094e-02
8.000000000000000444e-01,-3.117798222884726744e-02
8.000000000000000444e-01,2.290999764942147632e-02
8.000000000000000444e-01,-5.014667961681096298e-02
8.000000000000000444e-01,-1.453865484236316341e-02
8.000000000000000444e-01,-9.040346684261156840e-01
8.000000000000000444e-01,9.868421668692506366e-03
8.000000000000000444e-01,-5.133308400374547720e-02
8.000000000000000444e-01,-2.959968211076347000e-02
8.000000000000000444e-01,2.712420838294427039e-02
8.000000000000000444e-01,1.243355706610715927e-03
8.000000000000000444e-01,-1.655821352227526688e-03
8.000000000000000444e-01,9.104477611940298143e-01
8.000000000000000444e-01,6.459137122598623826e-02
8.000000000000000444e-01,4.245181915624685054e-02
8.000000000000000444e-01,8.350692680883708974e-02
8.000000000000000444e-01,5.582799816375882962e-02
8.000000000000000444e-01,7.582500451984708345e-02
8.000000000000000444e-01,1.115224096574540802e-01
8.000000000000000444e-01,7.262081887756555165e-02
8.000000000000000444e-01,1.813293633745460820e-02
8.000000000000000444e-01,-9.180701733798553033e-01
8.000000000000000444e-01,1.366857351668038234e-02
8.000000000000000444e-01,3.045359109773770889e-03
8.000000000000000444e-01,1.659190259834719683e-02
8.000000000000000444e-01,-7.787296037296037587e-01
8.000000000000000444e-01,8.407605466429002306e-02
8.000000000000000444e-01,8.378393003044959375e-02
8.000000000000000444e-01,8.332048646796847979e-01
8.000000000000000444e-01,2.197780853531161593e-02
8.000000000000000444e-01,1.448582147596111369e-01
8.000000000000000444e-01,1.184518792918980434e-01
8.000000000000000444e-01,1.079904228149756173e-01
8.000000000000000444e-01,7.531673401121796729e-02
8.000000000000000444e-01,6.310035066768060474e-02
8.000000000000000444e-01,9.872156388402475446e-02
8.000000000000000444e-01,5.960913487005292666e-02
8.000000000000000444e-01,9.815287595117050401e-02
8.000000000000000444e-01,-8.168680751521821826e-01
8.000000000000000444e-01,-7.792047824706975767e-01
8.000000000000000444e-01,-8.558558558558558849e-01
8.000000000000000444e-01,9.487179487179486781e-01
8.000000000000000444e-01,9.543872561365802643e-01
8.000000000000000444e-01,-8.428253894835768811e-02
8.000000000000000444e-01,5.295746830881853384e-03
8.000000000000000444e-01,1.814865239243812489e-01
8.000000000000000444e-01,3.159743512101242935e-03
8.000000000000000444e-01,5.626830149823880411e-02
8.000000000000000444e-01,9.674398730165645333e-02
8.000000000000000444e-01,1.329398446764636921e-01
8.000000000000000444e-01,-8.270550094522386431e-01
8.000000000000000444e-01,1.333065083065083645e-01
8.000000000000000444e-01,1.393939393939392923e-01
8.000000000000000444e-01,-7.742187499999999556e-01
8.000000000000000444e-01,9.682539682539682557e-01
8.000000000000000444e-01,1.202311571205443297e-01
8.000000000000000444e-01,8.358264762487621624e-02
8.000000000000000444e-01,1.561790843903188009e-02
8.000000000000000444e-01,3.375694736222234482e-03
8.000000000000000444e-01,-1.069520286068507131e-01
8.000000000000000444e-01,2.560585400763604191e-02
8.000000000000000444e-01,3.699637011126410968e-02
8.000000000000000444e-01,3.692966811713849218e-02
8.000000000000000444e-01,2.644208864855435159e-02
8.000000000000000444e-01,1.371984603401711356e-01
8.000000000000000444e-01,-8.538602180185735913e-01
8.000000000000000444e-01,3.978058552580898688e-02
8.000000000000000444e-01,3.749432596866431044e-02
8.000000000000000444e-01,5.229675647508791325e-02
8.000000000000000444e-01,8.853503184713376051e-01
8.000000000000000444e-01,-8.658634432262110048e-01
8.000000000000000444e-01,2.802780370237401009e-03
8.000000000000000444e-01,-9.286437246963563652e-02
8.000000000000000444e-01,-9.009605820728705528e-02
8.000000000000000444e-01,9.000282359194111681e-02
8.000000000000000444e-01,6.832796006845687220e-02
8.000000000000000444e-01,-1.271265137086752262e-02
8.000000000000000444e-01,1.484520379996223660e-02
8.000000000000000444e-01,-1.338083996795491615e-02
8.000000000000000444e-01,1.257293136104985498e-01
8.000000000000000444e-01,4.634804797177993763e-02
8.000000000000000444e-01,-2.100977889466026927e-02
8.000000000000000444e-01,9.111050007477816681e-02
8.000000000000000444e-01,-2.351702149059253788e-02
8.000000000000000444e-01,-7.956407272963217370e-02
8.000000000000000444e-01,-9.112147943828070584e-01
8.000000000000000444e-01,5.971459096459097449e-02
8.000000000000000444e-01,8.855105138555963151e-02
8.000000000000000444e-01,9.259259259259259300e-01
8.000000000000000444e-01,1.142659743214460288e-01
8.000000000000000444e-01,1.377333186677576204e-02
8.000000000000000444e-01,-5.437162985014465377e-02
8.000000000000000444e-01,6.113195214147071344e-02
8.000000000000000444e-01,9.063020344190930722e-03
8.000000000000000444e-01,5.801604748973165915e-02
8.000000000000000444e-01,1.104327454273024145e-01
8.000000000000000444e-01,1.240918714998707761e-01
8.000000000000000444e-01,-7.841383178078674687e-01
8.000000000000000444e-01,4.874175171371319948e-02
8.000000000000000444e-01,-5.563155494756044650e-02
8.000000000000000444e-01,1.734739143740215983e-02
8.000000000000000444e-01,6.881396900776826087e-03
8.000000000000000444e-01,-1.476620275161377727e-02
8.000000000000000444e-01,9.922638527126492747e-03
8.000000000000000444e-01,-8.218701005079406263e-01
8.000000000000000444e-01,7.151802656546490944e-02
8.000000000000000444e-01,6.244384546271342096e-02
8.000000000000000444e-01,8.655708548479633668e-01
8.000000000000000444e-01,7.690164822834300029e-02
8.000000000000000444e-01,5.131058599870852444e-02
8.000000000000000444e-01,1.286956203849942693e-01
8.000000000000000444e-01,1.529241525429356763e-01
8.000000000000000444e-01,1.492101818047719686e-01
8.000000000000000444e-01,1.967271209706108470e-01
8.000000000000000444e-01,1.153453191059697902e-01
8.000000000000000444e-01,7.929387862097947437e-02
8.000000000000000444e-01,-8.875215449981003202e-01
8.000000000000000444e-01,3.215249352867188826e-02
8.000000000000000444e-01,5.336506832794074562e-02
8.000000000000000444e-01,-9.020464456912191675e-01
8.000000000000000444e-01,-5.522446044834095069e-03
8.000000000000000444e-01,6.218905472636815368e-03
8.000000000000000444e-01,8.715986394557728723e-03
8.000000000000000444e-01,9.152858669315394602e-01
8.000000000000000444e-01,1.051245815503784042e-01
8.000000000000000444e-01,8.357720712220606529e-02
8.000000000000000444e-01,1.354590419624541742e-01
8.000000000000000444e-01,8.610803671330413689e-02
8.000000000000000444e-01,-8.389726629663311064e-01
8.000000000000000444e-01,1.219745677404580064e-01
8.000000000000000444e-01,2.473325757517974566e-02
8.000000000000000444e-01,7.510003879493121204e-02
8.000000000000000444e-01,9.871272759335991687e-02
8.000000000000000444e-01,1.932240854613076486e-02
8.000000000000000444e-01,3.792028486056808756e-02
8.000000000000000444e-01,8.460469834836137348e-02
8.000000000000000444e-01,2.988620787770868148e-02
8.000000000000000444e-01,2.496614538442254450e-02
8.000000000000000444e-01,5.501526080274088404e-02
8.000000000000000444e-01,7.352651174710633786e-02
8.000000000000000444e-01,-4.639700241875543973e-03
8.000000000000000444e-01,3.811141476825574692e-02
8.000000000000000444e-01,6.233476740761223489e-02
8.000000000000000444e-01,-8.756303895429680129e-01
8.000000000000000444e-01,6.194556116685490110e-02
8.000000000000000444e-01,1.006458461927439707e-02
8.000000000000000444e-01,-8.449889547727008621e-01
8.000000000000000444e-01,8.529932526875741994e-01
8.000000000000000444e-01,5.775754179301850755e-02
8.000000000000000444e-01,7.339599666124085875e-02
8.000000000000000444e-01,1.407443586248292577e-01
8.000000000000000444e-01,-9.045221445758399037e-01
8.000000000000000444e-01,3.874024526198438512e-02
8.000000000000000444e-01,8.809872842106947211e-02
8.000000000000000444e-01,1.137701068816721062e-01
8.000000000000000444e-01,9.704164832424012621e-01
8.000000000000000444e-01,1.705817568114762484e-01
8.000000000000000444e-01,3.802832323931770730e-02
8.000000000000000444e-01,1.389385076227847016e-01
8.000000000000000444e-01,1.459572057576896675e-01
8.000000000000000444e-01,1.324489056869062598e-01
8.000000000000000444e-01,-8.191994516623840594e-01
8.000000000000000444e-01,1.257417900278090528e-01
8.000000000000000444e-01,-8.614635766219239654e-01
8.000000000000000444e-01,-8.218770654329147218e-01
8.000000000000000444e-01,9.853658536585365724e-01
8.000000000000000444e-01,1.548176964837547631e-01
8.000000000000000444e-01,1.911764705882352811e-01
8.000000000000000444e-01,1.111111111111111605e-01
8.000000000000000444e-01,1.326798537417712698e-01
8.000000000000000444e-01,1.629856846336524834e-01
8.000000000000000444e-01,1.513101697300983650e-01
8.000000000000000444e-01,3.109096361471586079e-02
8.000000000000000444e-01,1.056158624235321586e-01
8.000000000000000444e-01,1.765854222963583187e-01
8.000000000000000444e-01,1.465756003775048333e-01
8.000000000000000444e-01,7.163662428221362344e-02
8.000000000000000444e-01,-8.243500641316594546e-01
8.000000000000000444e-01,8.012470970976082185e-02
8.000000000000000444e-01,-8.402872338244274930e-01
8.000000000000000444e-01,9.796195652173913526e-01
8.000000000000000444e-01,7.902752555008663027e-02
8.000000000000000444e-01,7.417951064635919245e-02
8.000000000000000444e-01,-8.624048421019503419e-01
8.000000000000000444e-01,8.957115311645780231e-02
8.000000000000000444e-01,2.080056321835288546e-02
8.000000000000000444e-01,-6.580757522538394078e-03
8.000000000000000444e-01,1.002846466162941041e-01
8.000000000000000444e-01,1.586687306501547434e-01
8.000000000000000444e-01,6.798078167094301349e-02
8.000000000000000444e-01,1.087118711667438564e-01
8.000000000000000444e-01,1.166127702885155770e-01
8.000000000000000444e-01,7.422874958023994996e-02
8.000000000000000444e-01,1.232825983515485335e-01
8.000000000000000444e-01,-8.680275438252231801e-01
8.000000000000000444e-01,5.911446998773395300e-02
8.000000000000000444e-01,-8.278145695364238499e-01
8.000000000000000444e-01,8.733824811719602677e-01
8.000000000000000444e-01,-8.451646090534978839e-01
8.000000000000000444e-01,9.581202046035806053e-01
8.000000000000000444e-01,1.046796529706335299e-01
8.000000000000000444e-01,5.420260443091495794e-02
8.000000000000000444e-01,1.378911925579354714e-01
8.000000000000000444e-01,1.263140522581814862e-01
8.000000000000000444e-01,4.627225439725446421e-02
8.000000000000000444e-01,1.605289223625300243e-01
8.000000000000000444e-01,1.424264062397488928e-01
8.000000000000000444e-01,1.515018458800094781e-01
8.000000000000000444e-01,-7.700601772823673086e-01
8.000000000000000444e-01,1.241991063207189550e-01
8.000000000000000444e-01,-8.382230915125652437e-01
8.000000000000000444e-01,-8.000000000000000444e-01
8.000000000000000444e-01,1.000000000000000000e+00
8.000000000000000444e-01,1.767900454830546586e-01
8.000000000000000444e-01,1.722222222222221655e-01
8.000000000000000444e-01,2.175755279203553938e-01
8.000000000000000444e-01,1.041767675059288578e-01
8.000000000000000444e-01,1.358048281312379535e-01
8.000000000000000444e-01,1.456799932512620188e-01
8.000000000000000444e-01,9.187294633077758288e-02
8.000000000000000444e-01,1.239105064137879797e-01
8.000000000000000444e-01,1.999938765971502885e-01
8.000000000000000444e-01,1.377871891699857798e-01
8.000000000000000444e-01,8.423081401189025375e-02
8.000000000000000444e-01,-7.771474273170514424e-01
8.000000000000000444e-01,1.166914632793274453e-01
8.000000000000000444e-01,5.240387113209421521e-02
8.000000000000000444e-01,9.511427808251360361e-02
8.000000000000000444e-01,1.299287870972458681e-01
8.000000000000000444e-01,-8.631642287889259579e-01
8.000000000000000444e-01,1.568616954517392248e-01
8.000000000000000444e-01,5.408848919795183896e-02
8.000000000000000444e-01,-9.273434567372340620e-02
8.000000000000000444e-01,1.301432465783735060e-01
8.000000000000000444e-01,-1.072125857647487912e-02
8.000000000000000444e-01,-1.272681305883699432e-01
8.000000000000000444e-01,-4.205322933771216132e-02
8.000000000000000444e-01,5.597841633970412900e-02
8.000000000000000444e-01,-2.468279547958029951e-03
8.000000000000000444e-01,2.025149941625392636e-03
8.000000000000000444e-01,-8.044647376211622181e-01
8.000000000000000444e-01,9.226020042949176769e-01
8.000000000000000444e-01,4.482086953600783463e-02
8.000000000000000444e-01,5.997874322072205278e-02
8.000000000000000444e-01,-1.212068103650587592e-02
8.000000000000000444e-01,2.357779077100552456e-03
8.000000000000000444e-01,-9.915271500599009968e-03
8.000000000000000444e-01,-9.385249656436089882e-02
8.000000000000000444e-01,-8.187091601433638122e-02
8.000000000000000444e-01,5.300609196575223336e-02
8.000000000000000444e-01,2.982851636944061635e-02
8.000000000000000444e-01,1.216137326704247457e-02
8.000000000000000444e-01,6.916444339371818906e-02
8.000000000000000444e-01,7.552307565389371202e-02
8.000000000000000444e-01,9.996808762536391058e-02
8.000000000000000444e-01,-8.903084349421688248e-01
8.000000000000000444e-01,-8.768823947466858337e-01
8.000000000000000444e-01,9.175404530744336595e-01
8.000000000000000444e-01,6.689642324888234182e-02
8.000000000000000444e-01,1.171353057679151988e-01
8.000000000000000444e-01,4.645833333333326820e-02
8.000000000000000444e-01,1.406779661016949179e-01
8.000000000000000444e-01,1.405249311636525000e-01
8.000000000000000444e-01,5.811802222991824252e-02
8.000000000000000444e-01,1.079266504560165707e-01
8.000000000000000444e-01,1.275070870757042396e-01
8.000000000000000444e-01,4.229061085464203007e-02
8.000000000000000444e-01,1.347794644534090480e-01
8.000000000000000444e-01,1.218830920288188624e-01
8.000000000000000444e-01,1.189699122995605540e-01
8.000000000000000444e-01,7.833316996566253021e-02
8.000000000000000444e-01,-7.758628372498961312e-01
8.000000000000000444e-01,8.435818998375088640e-02
8.000000000000000444e-01,1.209455686729409285e-01
8.000000000000000444e-01,-9.082828953259901583e-01
8.000000000000000444e-01,3.316326530612256906e-02
8.000000000000000444e-01,9.559780051656675548e-01
8.000000000000000444e-01,3.631477033615826411e-02
8.000000000000000444e-01,8.370303984289728660e-04
8.000000000000000444e-01,5.302619328253266318e-03
8.000000000000000444e-01,2.840475160299926749e-02
8.000000000000000444e-01,1.040787122272529563e-01
8.000000000000000444e-01,3.026392007589773225e-02
8.000000000000000444e-01,1.197898560114496469e-01
8.000000000000000444e-01,2.187742331861675105e-02
8.000000000000000444e-01,-8.863792191328113690e-01
8.000000000000000444e-01,9.247445023265910002e-03
8.000000000000000444e-01,-6.352064090319631262e-03
8.000000000000000444e-01,3.595792217464155449e-02
8.000000000000000444e-01,-1.590647306691861385e-02
8.000000000000000444e-01,-4.541268418956601050e-02
8.000000000000000444e-01,-8.370829720417116704e-01
8.000000000000000444e-01,9.382284382284382662e-01
8.000000000000000444e-01,-7.874530827254785370e-01
8.000000000000000444e-01,9.417475728155340065e-01
8.000000000000000444e-01,2.734230597034181809e-02
8.000000000000000444e-01,5.664589524819951816e-02
8.000000000000000444e-01,3.554553207812027882e-02
8.000000000000000444e-01,1.453808659297943784e-01
8.000000000000000444e-01,7.925235863843627104e-02
8.000000000000000444e-01,1.128501171142538562e-01
8.000000000000000444e-01,-7.914181072457441291e-01
8.000000000000000444e-01,1.268277529705397200e-01
8.000000000000000444e-01,1.295413900108829397e-01
8.000000000000000444e-01,4.470046082949308275e-02
8.000000000000000444e-01,9.291380789022298803e-01
8.000000000000000444e-01,-7.983279683759982870e-01
8.000000000000000444e-01,9.242351656660585668e-02
8.000000000000000444e-01,3.521002857149824194e-02
8.000000000000000444e-01,5.583799138727418843e-02
8.000000000000000444e-01,9.741546941400947013e-03
8.000000000000000444e-01,-7.768316330539914993e-02
8.000000000000000444e-01,1.272060234236779275e-01
8.000000000000000444e-01,4.145375705807263778e-02
8.000000000000000444e-01,4.805646308241406928e-02
8.000000000000000444e-01,7.819752099666377188e-02
8.000000000000000444e-01,8.807008840394403570e-02
8.000000000000000444e-01,4.065662102858569327e-02
8.000000000000000444e-01,-7.886789530208665466e-01
8.000000000000000444e-01,7.773009328187796552e-02
8.000000000000000444e-01,-8.369920431940892636e-01
8.000000000000000444e-01,8.256528417818742582e-02
8.000000000000000444e-01,2.194357366771160223e-02
8.000000000000000444e-01,-7.537219264129424445e-03
8.000000000000000444e-01,8.906369648451095689e-02
8.000000000000000444e-01,9.743589743589743390e-01
8.000000000000000444e-01,4.139985563605896868e-02
8.000000000000000444e-01,1.098159650222059192e-01
8.000000000000000444e-01,3.575220594464612045e-02
8.000000000000000444e-01,7.643531102338074756e-02
8.000000000000000444e-01,7.913365496598256943e-02
8.000000000000000444e-01,1.018861325405230334e-01
8.000000000000000444e-01,5.274529679520612024e-02
8.000000000000000444e-01,6.512360300571251592e-02
8.000000000000000444e-01,-8.519657555585151698e-01
8.000000000000000444e-01,6.992117312066092882e-02
8.000000000000000444e-01,2.558139534883718813e-02
8.000000000000000444e-01,-7.719205871317535994e-02
8.000000000000000444e-01,-6.171928916494129336e-02
8.000000000000000444e-01,1.714067155756504590e-02
8.000000000000000444e-01,7.807201246532591288e-02
8.000000000000000444e-01,6.871312401910889545e-02
8.000000000000000444e-01,1.699218741261543375e-02
8.000000000000000444e-01,-2.327280466280423621e-02
8.000000000000000444e-01,6.672104394037081665e-02
8.000000000000000444e-01,-1.258653425995293063e-02
8.000000000000000444e-01,3.615129129451144507e-02
8.000000000000000444e-01,4.808543461491487925e-02
8.000000000000000444e-01,-7.844124530528030492e-01
8.000000000000000444e-01,1.269835548103104284e-01
8.000000000000000444e-01,5.693436972662058171e-02
8.000000000000000444e-01,5.464389798538404897e-02
8.000000000000000444e-01,9.119458128078817838e-01
8.000000000000000444e-01,-8.426819475720037644e-01
8.000000000000000444e-01,6.854349111681512507e-02
8.000000000000000444e-01,1.518044383411256693e-01
8.000000000000000444e-01,1.330650135644306786e-02
8.000000000000000444e-01,9.220265561728990811e-02
8.000000000000000444e-01,-2.252992143058540897e-02
8.000000000000000444e-01,9.720489325592573948e-02
8.000000000000000444e-01,9.762307798447478202e-02
8.000000000000000444e-01,9.967787038535691480e-02
8.000000000000000444e-01,8.647989680797962819e-02
8.000000000000000444e-01,1.774087949856231194e-01
8.000000000000000444e-01,6.034669782709167762e-02
8.000000000000000444e-01,1.117676154791470422e-01
8.000000000000000444e-01,-8.181425663378133484e-01
8.000000000000000444e-01,-9.539842873176107574e-03
8.000000000000000444e-01,6.997690903091535741e-02
8.000000000000000444e-01,1.645386657816128029e-02
8.000000000000000444e-01,6.134817838028994164e-02
8.000000000000000444e-01,-1.372292674124575562e-02
8.000000000000000444e-01,-5.148714291105072061e-02
8.000000000000000444e-01,-1.657732879048368080e-02
8.000000000000000444e-01,-5.218620201703683126e-02
8.000000000000000444e-01,-9.467873934561765736e-02
8.000000000000000444e-01,-1.036965912913219157e-01
8.000000000000000444e-01,1.619075384381019056e-02
8.000000000000000444e-01,1.428223051798177545e-01
8.000000000000000444e-01,2.814809345227586856e-02
8.000000000000000444e-01,5.367088798461328025e-02
8.000000000000000444e-01,-7.222222222222222099e-01
8.000000000000000444e-01,5.819047064644766731e-02
8.000000000000000444e-01,9.571428571428571841e-01
8.000000000000000444e-01,1.375325812816494686e-01
8.000000000000000444e-01,8.057239693362872046e-02
8.000000000000000444e-01,-9.178228467748412722e-01
8.000000000000000444e-01,-2.146823841866951632e-02
8.000000000000000444e-01,6.709062391487308208e-02
8.000000000000000444e-01,-8.939144736842105088e-01
8.000000000000000444e-01,9.045682400684995628e-01
8.000000000000000444e-01,9.757819905213269696e-01
8.000000000000000444e-01,1.092244765315072419e-01
8.000000000000000444e-01,1.638577836734994575e-01
8.000000000000000444e-01,1.239455704294443183e-01
8.000000000000000444e-01,-8.356095276289214890e-01
8.000000000000000444e-01,6.840444471077689048e-02
8.000000000000000444e-01,-8.403597314108889327e-01
8.000000000000000444e-01,8.233137041939619927e-02
8.000000000000000444e-01,1.282371607543902892e-01
8.000000000000000444e-01,1.046002251624625901e-01
8.000000000000000444e-01,6.661394241931750670e-02
8.000000000000000444e-01,1.739393939393939492e-01
8.000000000000000444e-01,6.138778648490073042e-02
8.000000000000000444e-01,-9.444444444444444198e-01
8.000000000000000444e-01,-9.090909090909090606e-01
8.000000000000000444e-01,9.642857142857143016e-01
8.000000000000000444e-01,9.422330901856763585e-01
8.000000000000000444e-01,2.663135072523195035e-01
8.000000000000000444e-01,2.112809555500787528e-01
8.000000000000000444e-01,1.622495988035286274e-01
8.000000000000000444e-01,2.128239072655404573e-01
8.000000000000000444e-01,-8.467435964483143174e-01
8.000000000000000444e-01,1.682013431902958933e-01
8.000000000000000444e-01,-8.290072859744990197e-01
8.000000000000000444e-01,1.750408496732026586e-01
8.000000000000000444e-01,-8.181818181818182323e-01
8.000000000000000444e-01,9.687500000000000000e-01
8.000000000000000444e-01,2.323455920578221257e-01
8.000000000000000444e-01,1.947562687638801915e-01
8.000000000000000444e-01,1.623425765809934918e-01
8.000000000000000444e-01,2.145642348329918070e-01
8.000000000000000444e-01,1.337762273698224202e-01
8.000000000000000444e-01,9.750030189590628282e-01
8.000000000000000444e-01,-8.654927835252274049e-01
8.000000000000000444e-01,1.113255404459309039e-01
8.000000000000000444e-01,1.549112937917783706e-01
8.000000000000000444e-01,1.009317984322501971e-01
8.000000000000000444e-01,-7.691783581370614797e-01
8.000000000000000444e-01,-8.737182095767124235e-01
8.000000000000000444e-01,1.127961950330370611e-01
8.000000000000000444e-01,9.354838709677418818e-01
8.000000000000000444e-01,8.185748917230128985e-02
8.000000000000000444e-01,-8.783957353003450930e-01
8.000000000000000444e-01,-8.119372986690726046e-01
8.000000000000000444e-01,9.727182539682539542e-01
8.000000000000000444e-01,7.375174280246588054e-03
8.000000000000000444e-01,1.596854838738774873e-01
8.000000000000000444e-01,4.010383645890636117e-02
8.000000000000000444e-01,0.000000000000000000e+00
8.000000000000000444e-01,1.148783906921645448e-01
8.000000000000000444e-01,6.476260073492079439e-02
8.000000000000000444e-01,1.006067262055216904e-01
8.000000000000000444e-01,3.620750373327064064e-02
8.000000000000000444e-01,1.675358544552912887e-01
8.000000000000000444e-01,-8.747108432647854315e-01
8.000000000000000444e-01,1.143921016041782313e-01
8.000000000000000444e-01,7.481594477833941603e-02
8.000000000000000444e-01,9.058318747850814256e-01
8.000000000000000444e-01,-8.470592897707625024e-01
8.000000000000000444e-01,2.432436182718955564e-02
8.000000000000000444e-01,-1.533754765573058787e-02
8.000000000000000444e-01,-4.867502338120621719e-02
8.000000000000000444e-01,-1.031795140657186804e-01
8.000000000000000444e-01,-3.440083550580785854e-03
8.000000000000000444e-01,1.630968549758948782e-02
8.000000000000000444e-01,5.583426430200622015e-02
8.000000000000000444e-01,5.198232548932124608e-02
8.000000000000000444e-01,1.734930230183517885e-02
8.000000000000000444e-01,7.962821906833239538e-02
8.000000000000000444e-01,8.661756724242630767e-02
8.000000000000000444e-01,1.392127976616156504e-01
8.000000000000000444e-01,1.436415324109308056e-01
8.000000000000000444e-01,-8.792430761648757365e-01
8.000000000000000444e-01,4.905832231547235800e-02
8.000000000000000444e-01,1.034246040329752647e-01
8.000000000000000444e-01,9.611111111111103611e-02
8.000000000000000444e-01,-2.734287317620665014e-02
8.000000000000000444e-01,9.311509503175885438e-02
8.000000000000000444e-01,4.536039768019883844e-02
8.000000000000000444e-01,-5.769230769230770939e-02
8.000000000000000444e-01,1.128657320789400176e-01
8.000000000000000444e-01,1.055833684989694321e-01
8.000000000000000444e-01,1.312856108425960455e-01
8.000000000000000444e-01,1.474105748070102528e-01
8.000000000000000444e-01,1.045188254291694596e-01
8.000000000000000444e-01,-8.266014071140451724e-01
8.000000000000000444e-01,-8.269432773109244295e-01
8.000000000000000444e-01,9.204545454545454142e-01
8.000000000000000444e-01,0.000000000000000000e+00
8.000000000000000444e-01,0.000000000000000000e+00
8.000000000000000444e-01,0.000000000000000000e+00
4.400000000000000022e-01,0.000000000000000000e+00
8.000000000000000444e-01,7.630202618681880544e-02
8.000000000000000444e-01,1.191113186915689903e-01
8.000000000000000444e-01,1.501082238623111520e-01
8.000000000000000444e-01,1.425462575218628958e-01
8.000000000000000444e-01,1.276250651964977445e-01
8.000000000000000444e-01,1.306472729192506010e-01
8.000000000000000444e-01,1.602477212006914176e-01
8.000000000000000444e-01,1.605209946911088092e-01
8.000000000000000444e-01,2.058310051103253713e-01
8.000000000000000444e-01,-7.598279477321601139e-01
8.000000000000000444e-01,1.389050701881362482e-01
8.000000000000000444e-01,2.962775803288220100e-02
8.000000000000000444e-01,1.888484258357676637e-01
8.000000000000000444e-01,4.970211387390299773e-02
8.000000000000000444e-01,-8.329703721566236174e-01
8.000000000000000444e-01,5.019378835909560355e-02
8.000000000000000444e-01,7.853133165612879996e-02
8.000000000000000444e-01,6.113171470300171606e-02
8.000000000000000444e-01,4.806779090100776752e-02
8.000000000000000444e-01,7.090554443008290075e-02
8.000000000000000444e-01,1.186481139998155632e-01
8.000000000000000444e-01,1.229432332373509018e-01
8.000000000000000444e-01,1.186429172721510383e-01
8.000000000000000444e-01,2.695506885429466148e-02
8.000000000000000444e-01,1.117840218814202258e-01
8.000000000000000444e-01,1.299680674677894388e-02
8.000000000000000444e-01,-8.434560419004863974e-01
8.000000000000000444e-01,-8.679653679653679399e-01
8.000000000000000444e-01,9.096774193548387011e-01
8.000000000000000444e-01,3.457464615278293962e-02
8.000000000000000444e-01,2.834191563103860556e-02
8.000000000000000444e-01,1.159772691423615054e-01
8.000000000000000444e-01,-3.325808527996942932e-02
8.000000000000000444e-01,5.625512223439987913e-02
8.000000000000000444e-01,-2.964381847973973638e-02
8.000000000000000444e-01,4.460122140546884939e-02
8.000000000000000444e-01,5.880350366646391880e-02
8.000000000000000444e-01,4.740048263873375411e-02
8.000000000000000444e-01,8.547048468567131074e-02
8.000000000000000444e-01,1.039841549592971370e-01
8.000000000000000444e-01,-8.426669526504357854e-01
8.000000000000000444e-01,3.382974386402715083e-02
8.000000000000000444e-01,1.096368092691621943e-01
8.000000000000000444e-01,7.613710380826388402e-02
8.000000000000000444e-01,9.523295277450571916e-02
8.000000000000000444e-01,2.886904761904762751e-02
8.000000000000000444e-01,8.309760222250495154e-03
8.000000000000000444e-01,4.429921672983527792e-02
8.000000000000000444e-01,-2.992766999272833406e-02
8.000000000000000444e-01,2.619618339898456272e-01
8.000000000000000444e-01,1.004895581574594132e-02
8.000000000000000444e-01,1.272255214959416847e-01
8.000000000000000444e-01,8.605811663976437043e-02
8.000000000000000444e-01,1.163628771391469474e-01
8.000000000000000444e-01,2.298050671783740118e-01
8.000000000000000444e-01,-8.381773276185245924e-01
8.000000000000000444e-01,5.084243280306566248e-02
8.000000000000000444e-01,1.106460795549238929e-01
8.000000000000000444e-01,1.671664167916041555e-01
8.000000000000000444e-01,9.401245227735499643e-02
8.000000000000000444e-01,3.365086816007623050e-02
8.000000000000000444e-01,5.014767343225168261e-02
8.000000000000000444e-01,3.892638882806820355e-02
8.000000000000000444e-01,-9.130093496816616971e-01
8.000000000000000444e-01,8.953409090909091317e-01
8.000000000000000444e-01,-5.659356121937342277e-02
8.000000000000000444e-01,1.059971798584524727e-03
8.000000000000000444e-01,4.676043354806125318e-02
8.000000000000000444e-01,8.103444694171024754e-02
8.000000000000000444e-01,6.258199873711445260e-02
8.000000000000000444e-01,-7.953205024012072188e-01
8.000000000000000444e-01,-2.041624808807418479e-02
8.000000000000000444e-01,1.082585691281343632e-01
8.000000000000000444e-01,1.038126038126141459e-03
8.000000000000000444e-01,1.177306232666762709e-01
8.000000000000000444e-01,-8.079287039887598221e-01
8.000000000000000444e-01,9.372916968555282669e-01
8.000000000000000444e-01,-8.142872292518754662e-03
8.000000000000000444e-01,8.113923686026436322e-02
8.000000000000000444e-01,5.072210887330852458e-02
8.000000000000000444e-01,2.266409187562112848e-02
8.000000000000000444e-01,9.464819082988573662e-03
8.000000000000000444e-01,5.695197895074466388e-02
8.000000000000000444e-01,6.178101020540682775e-02
8.000000000000000444e-01,1.149118139227478519e-01
8.000000000000000444e-01,7.279640645393048448e-02
8.000000000000000444e-01,7.555980009893403793e-02
8.000000000000000444e-01,-8.392303095749444886e-01
8.000000000000000444e-01,-8.939188734523167978e-01
8.000000000000000444e-01,8.387096774193548709e-01
8.000000000000000444e-01,-8.247275652746288710e-01
8.000000000000000444e-01,8.358173372708256332e-01
8.000000000000000444e-01,3.745258123041395049e-02
8.000000000000000444e-01,3.275908875483712901e-02
8.000000000000000444e-01,5.467690369563682484e-02
8.000000000000000444e-01,-2.671911246989799871e-02
8.000000000000000444e-01,3.566832138260711549e-02
8.000000000000000444e-01,-7.576923076923076650e-01
8.000000000000000444e-01,9.428543922087438967e-01
8.000000000000000444e-01,1.351123604803851075e-01
8.000000000000000444e-01,1.493929999205346748e-01
8.000000000000000444e-01,1.331601193123257421e-01
8.000000000000000444e-01,9.830765095309113022e-02
8.000000000000000444e-01,1.197361139700455768e-01
8.000000000000000444e-01,-7.679633979174274039e-01
8.000000000000000444e-01,-8.387247522288833190e-01
8.000000000000000444e-01,1.172438672438672613e-01
8.000000000000000444e-01,1.243351886209028700e-01
8.000000000000000444e-01,1.556063028088605638e-01
8.000000000000000444e-01,9.707429192370266025e-01
8.000000000000000444e-01,9.719021447185138829e-02
8.000000000000000444e-01,4.990832002669054468e-02
8.000000000000000444e-01,9.548289764835682369e-02
8.000000000000000444e-01,-8.200667201152154195e-01
8.000000000000000444e-01,1.042936952336258605e-01
8.000000000000000444e-01,1.129630790719381439e-01
8.000000000000000444e-01,1.235677831750883193e-01
8.000000000000000444e-01,-8.264208909370198697e-01
8.000000000000000444e-01,1.015005184766214041e+00
8.000000000000000444e-01,1.326434098416634511e-01
8.000000000000000444e-01,2.250739029839469163e-01
8.000000000000000444e-01,-7.769669391749767229e-01
8.000000000000000444e-01,1.318327848385889567e-01
8.000000000000000444e-01,1.287280748116426121e-02
8.000000000000000444e-01,5.904400543037280347e-02
8.000000000000000444e-01,6.154403977933398107e-02
8.000000000000000444e-01,1.387592430061587168e-01
8.000000000000000444e-01,-9.058563468531978247e-01
8.000000000000000444e-01,1.061089448186222084e-01
8.000000000000000444e-01,9.160839160839160389e-01
8.000000000000000444e-01,8.695887212703889979e-02
8.000000000000000444e-01,1.053693980688839016e-01
8.000000000000000444e-01,8.004982613757716248e-02
8.000000000000000444e-01,-7.713625154894606650e-01
8.000000000000000444e-01,4.622069403724837766e-02
8.000000000000000444e-01,8.128761750185986568e-02
8.000000000000000444e-01,4.254723922577086093e-03
8.000000000000000444e-01,-4.328082110037012598e-02
8.000000000000000444e-01,1.586861350824116945e-01
8.000000000000000444e-01,3.571566150196825440e-03
8.000000000000000444e-01,-9.432136122714418480e-02
8.000000000000000444e-01,-5.074935185629303458e-02
8.000000000000000444e-01,-1.190805178756987326e-01
8.000000000000000444e-01,5.984379303063080968e-02
8.000000000000000444e-01,-8.529948782293184095e-04
8.000000000000000444e-01,7.321437834020061430e-03
8.000000000000000444e-01,9.418139769043465392e-02
8.000000000000000444e-01,1.103909031683744102e-01
8.000000000000000444e-01,5.193928030476724356e-02
8.000000000000000444e-01,1.973314430518779972e-02
8.000000000000000444e-01,-8.134561222472713737e-01
8.000000000000000444e-01,5.628054444848340498e-02
8.000000000000000444e-01,9.406593406593410922e-02
8.000000000000000444e-01,9.534706331045805783e-04
8.000000000000000444e-01,9.145021645021644829e-02
8.000000000000000444e-01,-8.769904557430759917e-01
8.000000000000000444e-01,9.679999999999999716e-01
8.000000000000000444e-01,7.866602986829396293e-03
8.000000000000000444e-01,1.303839453091930611e-01
8.000000000000000444e-01,3.642190427051950063e-02
8.000000000000000444e-01,1.421628753746850826e-01
8.000000000000000444e-01,8.380161090465376716e-02
8.000000000000000444e-01,1.342348604997656292e-01
8.000000000000000444e-01,1.240482432123639622e-01
8.000000000000000444e-01,1.414240295617699150e-01
8.000000000000000444e-01,1.100557302089051337e-01
8.000000000000000444e-01,-7.964152303282975298e-01
8.000000000000000444e-01,1.049308798662662578e-01
8.000000000000000444e-01,6.486486486486486847e-02
8.000000000000000444e-01,-1.152548956353505183e-02
8.000000000000000444e-01,1.480364108460714423e-01
8.000000000000000444e-01,-1.562578765781530432e-02
8.000000000000000444e-01,-4.725609625847626560e-02
8.000000000000000444e-01,-2.279994104140004030e-02
8.000000000000000444e-01,-7.254821844464964808e-02
8.000000000000000444e-01,-1.598731518125728890e-03
8.000000000000000444e-01,5.488355116186893756e-02
8.000000000000000444e-01,4.467129987473761332e-02
8.000000000000000444e-01,1.080179578690401154e-01
8.000000000000000444e-01,1.303188193582763832e-01
8.000000000000000444e-01,4.931584753014095490e-02
8.000000000000000444e-01,-8.723192057967674717e-01
8.000000000000000444e-01,6.059112439480529577e-02
8.000000000000000444e-01,1.888570652300392005e-02
8.000000000000000444e-01,7.030264817150055912e-02
8.000000000000000444e-01,7.792752917673817503e-02
8.000000000000000444e-01,9.572129306622134681e-02
8.000000000000000444e-01,-2.519503512512510923e-04
8.000000000000000444e-01,3.418921117463857851e-02
8.000000000000000444e-01,-8.316464520475075339e-03
8.000000000000000444e-01,3.836193090825890106e-02
8.000000000000000444e-01,-1.348936971459757661e-02
8.000000000000000444e-01,7.491867723630629694e-02
8.000000000000000444e-01,9.970961893908381057e-02
8.000000000000000444e-01,9.390681118885468859e-02
8.000000000000000444e-01,8.969673959425794596e-02
8.000000000000000444e-01,-7.852200492641023821e-01
8.000000000000000444e-01,6.679718861352079706e-02
8.000000000000000444e-01,9.135063009636779086e-02
8.000000000000000444e-01,9.055194490251239348e-02
8.000000000000000444e-01,-9.208937198067701502e-03
8.000000000000000444e-01,1.559752510572183226e-01
8.000000000000000444e-01,-2.335852352282730138e-02
8.000000000000000444e-01,8.603534053868588938e-02
8.000000000000000444e-01,1.149420427357478180e-01
8.000000000000000444e-01,3.185433024678208103e-02
8.000000000000000444e-01,8.188574102142354150e-02
8.000000000000000444e-01,9.048309621737637976e-02
8.000000000000000444e-01,3.016101289894046467e-03
8.000000000000000444e-01,9.734091213648055074e-02
8.000000000000000444e-01,7.857269679930678485e-02
8.000000000000000444e-01,1.696527717346193453e-01
8.000000000000000444e-01,-8.417698689291573944e-01
8.000000000000000444e-01,-3.019022196570708694e-02
8.000000000000000444e-01,9.324751580849142130e-01
8.000000000000000444e-01,-8.350005602407837291e-01
8.000000000000000444e-01,-2.980769230769231282e-02
8.000000000000000444e-01,3.540116379332303165e-02
8.000000000000000444e-01,5.774613849751675243e-02
8.000000000000000444e-01,-7.237159928807512799e-02
8.000000000000000444e-01,3.916330369558151947e-02
8.000000000000000444e-01,-1.541694306290219973e-02
8.000000000000000444e-01,2.845503169368157614e-02
8.000000000000000444e-01,9.382498640213809971e-02
8.000000000000000444e-01,1.594202898550725056e-01
8.000000000000000444e-01,-8.298393558413860172e-01
8.000000000000000444e-01,9.287347640236653934e-02
8.000000000000000444e-01,1.321112150959802278e-01
8.000000000000000444e-01,9.180463000133809448e-02
8.000000000000000444e-01,9.680851063829787329e-01
8.000000000000000444e-01,-8.185312508841920964e-01
8.000000000000000444e-01,1.072273911826151505e-01
8.000000000000000444e-01,5.526870963653962576e-02
8.000000000000000444e-01,9.478728360326671432e-02
8.000000000000000444e-01,4.206779421796102980e-02
8.000000000000000444e-01,1.275802422609400022e-01
8.000000000000000444e-01,7.935816317152732946e-02
8.000000000000000444e-01,8.980264896487510917e-03
8.000000000000000444e-01,8.847124757168656206e-02
8.000000000000000444e-01,-8.161121245639491040e-01
8.000000000000000444e-01,9.215336514265415335e-02
8.000000000000000444e-01,4.492704780813749910e-02
8.000000000000000444e-01,-8.071161273674425374e-01
8.000000000000000444e-01,9.685260862394400316e-01
8.000000000000000444e-01,1.253008406985794965e-01
8.000000000000000444e-01,1.486961231697520036e-01
8.000000000000000444e-01,1.333333333333333037e-01
8.000000000000000444e-01,4.473716365181823473e-02
8.000000000000000444e-01,1.405218702832013999e-01
8.000000000000000444e-01,3.042328042328035220e-02
8.000000000000000444e-01,4.338274279456799665e-02
8.000000000000000444e-01,-1.433642742813179272e-02
8.000000000000000444e-01,3.842678987752357056e-02
8.000000000000000444e-01,1.950036553213740920e-02
8.000000000000000444e-01,2.172952465408817257e-02
8.000000000000000444e-01,1.946902454642607250e-02
8.000000000000000444e-01,4.906217227520637270e-02
8.000000000000000444e-01,-8.298701111375709205e-01
8.000000000000000444e-01,-5.699004778267569016e-02
8.000000000000000444e-01,-9.093440594059405413e-01
8.000000000000000444e-01,9.085909217488165046e-01
8.000000000000000444e-01,-9.229224860335195624e-01
8.000000000000000444e-01,1.175649968294230074e-01
8.000000000000000444e-01,9.375000000000000000e-01
8.000000000000000444e-01,9.976261889940996053e-02
8.000000000000000444e-01,8.243936195913492693e-02
8.000000000000000444e-01,1.246197392595560505e-02
8.000000000000000444e-01,4.338382305646493187e-02
8.000000000000000444e-01,-2.401575475671158255e-02
8.000000000000000444e-01,1.148928572335432552e-01
8.000000000000000444e-01,3.620696309031168347e-02
8.000000000000000444e-01,-8.041493110547992540e-02
8.000000000000000444e-01,8.183784854933218167e-02
8.000000000000000444e-01,9.034436313325688861e-02
8.000000000000000444e-01,7.569325676258054081e-02
8.000000000000000444e-01,8.335445193426960220e-02
8.000000000000000444e-01,-8.700354971098451795e-01
8.000000000000000444e-01,5.958085745319752213e-03
8.000000000000000444e-01,7.130714679386818133e-02
8.000000000000000444e-01,-3.380696351040535230e-02
8.000000000000000444e-01,-3.535224225952893207e-02
8.000000000000000444e-01,2.902621722846443486e-02
8.000000000000000444e-01,1.048073631968504671e-02
8.000000000000000444e-01,5.231798239988749710e-02
8.000000000000000444e-01,5.805309734513275366e-02
8.000000000000000444e-01,1.079691781926039873e-01
8.000000000000000444e-01,-2.310338930372790589e-02
8.000000000000000444e-01,9.703249425471660583e-02
8.000000000000000444e-01,1.490110033808457191e-01
8.000000000000000444e-01,7.782978783185057203e-02
8.000000000000000444e-01,1.197094866655812329e-01
8.000000000000000444e-01,8.235744238666098394e-02
8.000000000000000444e-01,-8.682337761928277109e-01
8.000000000000000444e-01,3.212706898324246829e-02
8.000000000000000444e-01,-8.829201101928374484e-01
8.000000000000000444e-01,9.382156488549617812e-01
8.000000000000000444e-01,4.555703515001796600e-02
8.000000000000000444e-01,3.884220354808587405e-02
8.000000000000000444e-01,2.623000188217583517e-02
8.000000000000000444e-01,1.019691891067961986e-01
8.000000000000000444e-01,1.049067029499521908e-01
8.000000000000000444e-01,1.301247801033227347e-01
8.000000000000000444e-01,6.848389804709031914e-02
8.000000000000000444e-01,-8.554216867469879304e-01
8.000000000000000444e-01,1.751745644363094101e-01
8.000000000000000444e-01,1.000000000000000000e+00
8.000000000000000444e-01,2.100956853736993812e-01
8.000000000000000444e-01,1.661435638562300809e-01
8.000000000000000444e-01,-7.959367363937482898e-01
8.000000000000000444e-01,3.278388278388277843e-02
8.000000000000000444e-01,3.488129154795815978e-02
8.000000000000000444e-01,5.009098089570784840e-02
8.000000000000000444e-01,6.222912013673886911e-02
8.000000000000000444e-01,-8.548586039147865190e-02
8.000000000000000444e-01,1.397076040559351862e-01
8.000000000000000444e-01,2.169063846337571100e-02
8.000000000000000444e-01,4.029458629543891668e-02
8.000000000000000444e-01,1.890506628519394994e-02
8.000000000000000444e-01,-8.806429256966297192e-02
8.000000000000000444e-01,3.283199436078310107e-02
8.000000000000000444e-01,5.013984090787748649e-02
8.000000000000000444e-01,4.653743494135387238e-02
8.000000000000000444e-01,5.905554075509777956e-02
8.000000000000000444e-01,-8.451530653921038860e-01
8.000000000000000444e-01,4.088693653089814362e-02
8.000000000000000444e-01,-2.784460290738488553e-02
8.000000000000000444e-01,1.039188740115859488e-02
8.000000000000000444e-01,-1.090182051360111259e-02
8.000000000000000444e-01,2.403842247724852221e-02
8.000000000000000444e-01,-5.284213972825768657e-02
8.000000000000000444e-01,-8.969764113926970150e-01
8.000000000000000444e-01,0.000000000000000000e+00
8.000000000000000444e-01,8.173611111111110938e-01
8.000000000000000444e-01,1.034655836038741450e-01
8.000000000000000444e-01,1.384113158547439770e-01
8.000000000000000444e-01,1.629989481716209720e-01
8.000000000000000444e-01,1.462410222180019481e-01
8.000000000000000444e-01,1.519268164837355162e-01
8.000000000000000444e-01,8.954776327005109504e-02
8.000000000000000444e-01,-8.699925489399173983e-01
8.000000000000000444e-01,9.220779220779220520e-01
8.000000000000000444e-01,1.846902201740910909e-01
8.000000000000000444e-01,1.227963338006623495e-01
8.000000000000000444e-01,-8.520614812731152066e-01
8.000000000000000444e-01,5.668934240362744070e-03
8.000000000000000444e-01,-5.637082034597573621e-02
8.000000000000000444e-01,3.492090928014923712e-02
8.000000000000000444e-01,1.421693381255419997e-01
8.000000000000000444e-01,6.897268164598879814e-02
8.000000000000000444e-01,1.363684097853342658e-01
8.000000000000000444e-01,8.846999382458908823e-02
8.000000000000000444e-01,6.997827320876148782e-02
8.000000000000000444e-01,9.692236381730656714e-02
8.000000000000000444e-01,-8.397594938752750426e-01
8.000000000000000444e-01,-8.521492678318374203e-01
8.000000000000000444e-01,9.801883916275060393e-01
8.000000000000000444e-01,1.571225505127423760e-01
8.000000000000000444e-01,9.178924759177309323e-02
8.000000000000000444e-01,-9.006671267540832249e-01
8.000000000000000444e-01,0.000000000000000000e+00
8.000000000000000444e-01,8.907415144264246853e-01
8.000000000000000444e-01,1.701207803570008448e-01
8.000000000000000444e-01,1.199935994035172815e-01
8.000000000000000444e-01,1.132192238011121566e-01
8.000000000000000444e-01,8.172548444238925125e-02
8.000000000000000444e-01,1.039914818782581296e-01
8.000000000000000444e-01,1.069560610636886011e-01
8.000000000000000444e-01,1.289795359909498007e-01
8.000000000000000444e-01,2.024390637710878904e-01
8.000000000000000444e-01,-7.478579675876225741e-01
8.000000000000000444e-01,7.002939362465576689e-02
8.000000000000000444e-01,1.102309130106835511e-01
8.000000000000000444e-01,-8.395380029378687325e-01
8.000000000000000444e-01,1.211173650198040797e-01
8.000000000000000444e-01,5.230186480186482800e-02
8.000000000000000444e-01,7.072729901677266007e-02
8.000000000000000444e-01,4.145511096690290831e-02
8.000000000000000444e-01,9.296367407121364224e-02
8.000000000000000444e-01,2.083112144798371368e-02
8.000000000000000444e-01,-1.784118223061792463e-02
8.000000000000000444e-01,-8.023920268148355683e-01
8.000000000000000444e-01,9.310780755734883174e-01
8.000000000000000444e-01,1.132792424709629930e-01
8.000000000000000444e-01,1.501807072214024208e-01
8.000000000000000444e-01,1.308288841939919678e-01
8.000000000000000444e-01,1.582996066481932029e-01
8.000000000000000444e-01,1.120692038609029106e-01
8.000000000000000444e-01,-8.391710378317708274e-01
8.000000000000000444e-01,1.893679381114521387e-02
8.000000000000000444e-01,1.774028509084957239e-02
8.000000000000000444e-01,1.081607887273925428e-01
8.000000000000000444e-01,9.413090947836977307e-02
8.000000000000000444e-01,2.697393914957735284e-02
8.000000000000000444e-01,-5.162502290799497739e-02
8.000000000000000444e-01,3.158164768179594351e-02
8.000000000000000444e-01,1.003584997629591857e-02
8.000000000000000444e-01,1.545225930193139252e-02
8.000000000000000444e-01,9.513295149841616283e-02
8.000000000000000444e-01,8.149303773433080877e-02
8.000000000000000444e-01,-8.496413888409021231e-01
8.000000000000000444e-01,5.851668928999431696e-02
8.000000000000000444e-01,2.095742062515393300e-02
8.000000000000000444e-01,4.774241302738713166e-02
8.000000000000000444e-01,-3.141056242029316437e-02
8.000000000000000444e-01,3.646762110566081905e-02
8.000000000000000444e-01,9.990665118259967059e-03
8.000000000000000444e-01,8.410998788861934194e-02
8.000000000000000444e-01,1.672673558088000334e-02
8.000000000000000444e-01,2.698265002095157072e-02
8.000000000000000444e-01,-6.525764895330110615e-02
8.000000000000000444e-01,-8.635135135135134643e-01
8.000000000000000444e-01,9.390969187952049602e-01
8.000000000000000444e-01,1.582578180525940903e-01
8.000000000000000444e-01,1.333568982750175103e-01
8.000000000000000444e-01,1.495367107674163698e-01
8.000000000000000444e-01,1.765864986701992656e-01
8.000000000000000444e-01,1.301960916453281936e-01
8.000000000000000444e-01,1.317355717997746867e-01
8.000000000000000444e-01,-8.290594097363283010e-01
8.000000000000000444e-01,8.306399539862718839e-02
8.000000000000000444e-01,6.258536895684252421e-02
8.000000000000000444e-01,1.204569416530725245e-01
8.000000000000000444e-01,1.044659596478868524e-01
8.000000000000000444e-01,-9.024729987907987860e-01
8.000000000000000444e-01,3.181084767772079935e-02
8.000000000000000444e-01,9.097786660744688891e-01
8.000000000000000444e-01,7.374456590125366695e-02
8.000000000000000444e-01,0.000000000000000000e+00
4.400000000000000022e-01,0.000000000000000000e+00
8.000000000000000444e-01,7.971484584709642718e-02
8.000000000000000444e-01,5.790333144897652495e-02
8.000000000000000444e-01,1.350624691823401058e-01
8.000000000000000444e-01,-7.781864403009961517e-01
8.000000000000000444e-01,-8.492204112936569960e-01
8.000000000000000444e-01,9.434624176719552668e-02
8.000000000000000444e-01,-7.916666666666666297e-01
8.000000000000000444e-01,9.861111111111111605e-01
8.000000000000000444e-01,1.620817245817245400e-01
8.000000000000000444e-01,1.377116913356246641e-01
8.000000000000000444e-01,1.981132075471697673e-01
8.000000000000000444e-01,9.804753820033956790e-01
8.000000000000000444e-01,1.228622024019233594e-01
8.000000000000000444e-01,-8.705193598842229097e-01
8.000000000000000444e-01,1.298534798534799473e-01
8.000000000000000444e-01,1.272319063595473976e-01
8.000000000000000444e-01,-8.250164947085476541e-01
8.000000000000000444e-01,1.747997484443267746e-01
8.000000000000000444e-01,1.807074657316203314e-01
8.000000000000000444e-01,1.812782805429864474e-01
8.000000000000000444e-01,1.883654539849750620e-01
8.000000000000000444e-01,1.343302326452875395e-01
8.000000000000000444e-01,1.674629463658808826e-01
8.000000000000000444e-01,-8.078242092143458342e-01
8.000000000000000444e-01,9.863013698630136439e-01
8.000000000000000444e-01,6.174402455170335813e-02
8.000000000000000444e-01,1.318226821317192154e-01
8.000000000000000444e-01,7.165651125870364790e-02
8.000000000000000444e-01,-9.021204807157644501e-01
8.000000000000000444e-01,1.473856044269634680e-01
8.000000000000000444e-01,1.476773997783270564e-01
8.000000000000000444e-01,1.745374377946716793e-01
8.000000000000000444e-01,2.230589344499680493e-01
8.000000000000000444e-01,-8.305269192027809888e-01
8.000000000000000444e-01,3.247455416144684470e-03
8.000000000000000444e-01,-8.756749076442171820e-01
8.000000000000000444e-01,-8.035714285714286031e-01
8.000000000000000444e-01,9.633027522935779796e-01
8.000000000000000444e-01,1.000000000000000000e+00
8.000000000000000444e-01,9.220020280527763124e-02
8.000000000000000444e-01,1.430643773159704368e-01
8.000000000000000444e-01,1.235565777383814678e-01
8.000000000000000444e-01,1.613567259791559572e-02
8.000000000000000444e-01,3.924167772344411276e-02
8.000000000000000444e-01,9.049900977626923471e-02
8.000000000000000444e-01,9.027450117550228637e-02
8.000000000000000444e-01,9.478056497750564358e-02
8.000000000000000444e-01,-8.385556462920006338e-01
8.000000000000000444e-01,6.814129397207857597e-02
8.000000000000000444e-01,1.051552900654963985e-01
8.000000000000000444e-01,7.752812217242310844e-02
8.000000000000000444e-01,-8.367211718739095971e-01
8.000000000000000444e-01,1.103323038251780019e-04
8.000000000000000444e-01,9.497863247863247427e-02
8.000000000000000444e-01,9.375000000000000000e-01
8.000000000000000444e-01,-8.103545294949522360e-01
8.000000000000000444e-01,-4.401047868540131081e-02
8.000000000000000444e-01,8.471367837314325300e-02
8.000000000000000444e-01,1.010038851826290385e-01
8.000000000000000444e-01,1.206268141267838878e-01
8.000000000000000444e-01,1.054358485652941990e-01
8.000000000000000444e-01,4.131779898651077865e-02
8.000000000000000444e-01,1.204501312600125829e-02
8.000000000000000444e-01,7.936972712181655787e-02
8.000000000000000444e-01,1.409573074410737092e-01
8.000000000000000444e-01,1.196784288906346250e-01
8.000000000000000444e-01,5.277348780987622945e-02
8.000000000000000444e-01,-8.238596922173815340e-01
8.000000000000000444e-01,1.461187214611872065e-01
8.000000000000000444e-01,1.409965067107924463e-01
8.000000000000000444e-01,1.117631339840077231e-01
8.000000000000000444e-01,8.713624952753895592e-02
8.000000000000000444e-01,2.860244774770304144e-02
8.000000000000000444e-01,1.449083502193283524e-01
8.000000000000000444e-01,4.870011481519365137e-02
8.000000000000000444e-01,4.478839495324582476e-02
8.000000000000000444e-01,7.498330723852641988e-03
8.000000000000000444e-01,8.281361983347323985e-02
8.000000000000000444e-01,3.587600446593863790e-02
8.000000000000000444e-01,5.960527996626263647e-02
8.000000000000000444e-01,-3.333955053953185921e-02
8.000000000000000444e-01,1.871295175137344113e-02
8.000000000000000444e-01,-8.740761640162169055e-01
8.000000000000000444e-01,-8.686563013328343352e-01
8.000000000000000444e-01,8.382352941176470784e-01
8.000000000000000444e-01,2.933758104457639959e-02
8.000000000000000444e-01,9.510635308489356898e-02
8.000000000000000444e-01,1.354983123709089243e-01
8.000000000000000444e-01,4.733243545817278353e-03
8.000000000000000444e-01,2.948299818755761859e-02
8.000000000000000444e-01,1.410795666982400665e-02
8.000000000000000444e-01,6.200938038797076945e-02
8.000000000000000444e-01,-2.148853951385198968e-02
8.000000000000000444e-01,2.411035584565646150e-02
8.000000000000000444e-01,6.903868409910918214e-02
8.000000000000000444e-01,-1.294910826100104106e-02
8.000000000000000444e-01,-4.748528774464411129e-03
8.000000000000000444e-01,5.088884928764070281e-02
8.000000000000000444e-01,8.086855954503013866e-02
8.000000000000000444e-01,1.176595927658110607e-01
8.000000000000000444e-01,-8.171134799494752521e-01
8.000000000000000444e-01,3.301036418412228723e-02
8.000000000000000444e-01,-5.335642421243613764e-02
8.000000000000000444e-01,8.888888888888888395e-01
8.000000000000000444e-01,-3.585445852648849741e-02
8.000000000000000444e-01,4.149966143889360914e-02
8.000000000000000444e-01,1.928125960265070216e-02
8.000000000000000444e-01,1.944500183532904547e-02
8.000000000000000444e-01,2.610699604466026891e-03
8.000000000000000444e-01,1.192344135304534980e-02
8.000000000000000444e-01,7.760630866832052277e-02
8.000000000000000444e-01,5.017248004146468432e-02
8.000000000000000444e-01,-7.284495571012424842e-01
8.000000000000000444e-01,-1.806958304501882218e-02
8.000000000000000444e-01,-6.597158369313371740e-02
8.000000000000000444e-01,-4.215678133155742469e-02
8.000000000000000444e-01,0.000000000000000000e+00
8.000000000000000444e-01,-3.725989844846588905e-02
8.000000000000000444e-01,-8.790697674418604946e-01
8.000000000000000444e-01,9.603960396039603609e-01
8.000000000000000444e-01,-8.819875776397515521e-01
8.000000000000000444e-01,0.000000000000000000e+00
8.000000000000000444e-01,0.000000000000000000e+00
8.000000000000000444e-01,0.000000000000000000e+00
8.000000000000000444e-01,0.000000000000000000e+00
1.000000000000000056e-01,1.000000000000000000e+00
1.000000000000000056e-01,1.000000000000000000e+00
1.000000000000000056e-01,1.000000000000000000e+00
1.000000000000000056e-01,1.000000000000000000e+00
1.000000000000000056e-01,1.000000000000000000e+00
1.000000000000000056e-01,1.000000000000000000e+00
1.000000000000000056e-01,1.000000000000000000e+00
1.000000000000000056e-01,1.000000000000000000e+00
1.000000000000000056e-01,1.000000000000000000e+00
1.000000000000000056e-01,1.000000000000000000e+00
1.000000000000000056e-01,1.000000000000000000e+00
1.000000000000000056e-01,1.000000000000000000e+00
1.000000000000000056e-01,1.000000000000000000e+00
1.000000000000000056e-01,1.000000000000000000e+00
1.000000000000000056e-01,1.000000000000000000e+00
1.000000000000000056e-01,1.000000000000000000e+00
1.000000000000000056e-01,1.000000000000000000e+00
1.000000000000000056e-01,1.000000000000000000e+00
1.000000000000000056e-01,1.000000000000000000e+00
1.000000000000000056e-01,1.000000000000000000e+00
1.000000000000000056e-01,1.000000000000000000e+00
1.000000000000000056e-01,1.000000000000000000e+00
1.000000000000000056e-01,1.000000000000000000e+00
1.000000000000000056e-01,1.000000000000000000e+00
1.000000000000000056e-01,1.000000000000000000e+00
1.000000000000000056e-01,1.000000000000000000e+00
1.000000000000000056e-01,1.000000000000000000e+00
1.000000000000000056e-01,1.000000000000000000e+00
1.000000000000000056e-01,1.000000000000000000e+00
1.000000000000000056e-01,1.000000000000000000e+00
1.000000000000000056e-01,1.000000000000000000e+00
1.000000000000000056e-01,1.000000000000000000e+00
1.000000000000000056e-01,1.000000000000000000e+00
1.000000000000000056e-01,1.000000000000000000e+00
1.000000000000000056e-01,1.000000000000000000e+00
1.000000000000000056e-01,1.000000000000000000e+00
1.000000000000000056e-01,1.000000000000000000e+00
1.000000000000000056e-01,1.000000000000000000e+00
1.000000000000000056e-01,1.000000000000000000e+00
1.000000000000000056e-01,1.000000000000000000e+00
1.000000000000000056e-01,1.000000000000000000e+00
1.000000000000000056e-01,1.000000000000000000e+00
1.000000000000000056e-01,1.000000000000000000e+00
1.000000000000000056e-01,1.000000000000000000e+00
1.000000000000000056e-01,1.000000000000000000e+00
1.000000000000000056e-01,1.000000000000000000e+00
1.000000000000000056e-01,1.000000000000000000e+00
1.000000000000000056e-01,1.000000000000000000e+00
1.000000000000000056e-01,1.000000000000000000e+00
1.000000000000000056e-01,1.000000000000000000e+00
1.000000000000000056e-01,1.000000000000000000e+00
1.000000000000000056e-01,1.000000000000000000e+00
1.000000000000000056e-01,1.000000000000000000e+00
1.000000000000000056e-01,1.000000000000000000e+00
1.000000000000000056e-01,1.000000000000000000e+00
1.000000000000000056e-01,1.000000000000000000e+00
1.000000000000000056e-01,1.000000000000000000e+00
1.000000000000000056e-01,1.000000000000000000e+00
1.000000000000000056e-01,1.000000000000000000e+00
1.000000000000000056e-01,1.000000000000000000e+00
1.000000000000000056e-01,1.000000000000000000e+00
1.000000000000000056e-01,1.000000000000000000e+00
1.000000000000000056e-01,1.000000000000000000e+00
4.400000000000000022e-01,1.000000000000000000e+00
1.000000000000000056e-01,-1.000000000000000000e+00
4.400000000000000022e-01,1.000000000000000000e+00
1.000000000000000056e-01,-1.000000000000000000e+00
4.400000000000000022e-01,1.000000000000000000e+00
1.000000000000000056e-01,-1.000000000000000000e+00
4.400000000000000022e-01,1.000000000000000000e+00
8.000000000000000444e-01,7.636363636363636687e-01
8.000000000000000444e-01,0.000000000000000000e+00
8.000000000000000444e-01,8.000000000000000444e-01
8.000000000000000444e-01,7.326295720943369894e-01
8.000000000000000444e-01,8.346456692913385433e-01
8.000000000000000444e-01,-7.611940298507462455e-01
8.000000000000000444e-01,8.915662650602409478e-01
8.000000000000000444e-01,-1.097142857142857197e+00
8.000000000000000444e-01,0.000000000000000000e+00
8.000000000000000444e-01,9.701492537313433084e-01
8.000000000000000444e-01,0.000000000000000000e+00
8.000000000000000444e-01,1.000000000000000000e+00
8.000000000000000444e-01,2.214285714285714191e-01
8.000000000000000444e-01,-8.795180722891565717e-01
8.000000000000000444e-01,0.000000000000000000e+00
8.000000000000000444e-01,1.062608695652174085e+00
8.000000000000000444e-01,2.506364834290545351e-01
8.000000000000000444e-01,-8.491600353669319645e-01
8.000000000000000444e-01,5.882352941176470507e-02
4.400000000000000022e-01,0.000000000000000000e+00
8.000000000000000444e-01,2.582697201017812860e-01
8.000000000000000444e-01,0.000000000000000000e+00
8.000000000000000444e-01,2.518729010591578277e-01
8.000000000000000444e-01,1.976245782865992950e-01
8.000000000000000444e-01,-8.077215766796573826e-01
8.000000000000000444e-01,2.163461538461537437e-01
8.000000000000000444e-01,1.169491525423728806e+00
8.000000000000000444e-01,2.319366416978776435e-01
8.000000000000000444e-01,-9.008369357496803786e-01
8.000000000000000444e-01,2.003115629685157106e-01
8.000000000000000444e-01,1.526427061310782207e-01
8.000000000000000444e-01,-7.464369238453065769e-01
8.000000000000000444e-01,-7.717391304347825942e-01
8.000000000000000444e-01,0.000000000000000000e+00
8.000000000000000444e-01,1.166666666666666741e+00
8.000000000000000444e-01,1.369087275149900584e-01
8.000000000000000444e-01,2.922865394998244160e-01
8.000000000000000444e-01,-9.085033402729693064e-01
8.000000000000000444e-01,2.232788923067378084e-01
8.000000000000000444e-01,3.106651802303975751e-01
8.000000000000000444e-01,1.091491841491841530e+00
8.000000000000000444e-01,1.322628899349302944e-01
8.000000000000000444e-01,-9.103594281430370527e-01
8.000000000000000444e-01,2.692993949685482669e-01
8.000000000000000444e-01,2.486852099300598251e-01
8.000000000000000444e-01,-8.448950311639243926e-01
8.000000000000000444e-01,-8.164170860882417058e-01
8.000000000000000444e-01,0.000000000000000000e+00
8.000000000000000444e-01,-8.508287292817680036e-01
8.000000000000000444e-01,0.000000000000000000e+00
8.000000000000000444e-01,1.139534883720930258e+00
8.000000000000000444e-01,2.862015503875968703e-01
8.000000000000000444e-01,-8.000000000000000444e-01
8.000000000000000444e-01,0.000000000000000000e+00
8.000000000000000444e-01,0.000000000000000000e+00
8.000000000000000444e-01,1.008816764630718010e+00
8.000000000000000444e-01,-7.751334311308093472e-01
8.000000000000000444e-01,1.212806026365348400e+00
8.000000000000000444e-01,-8.491534391534392157e-01
8.000000000000000444e-01,0.000000000000000000e+00
8.000000000000000444e-01,1.228448275862068950e+00
8.000000000000000444e-01,-7.366531455621243563e-01
8.000000000000000444e-01,-7.619047619047618625e-01
8.000000000000000444e-01,1.215686274509803821e+00
8.000000000000000444e-01,-8.307728423950958563e-01
8.000000000000000444e-01,1.244680851063829863e+00
8.000000000000000444e-01,-7.461341648355962475e-01
8.000000000000000444e-01,-8.098674274207081636e-01
8.000000000000000444e-01,1.238095238095238138e+00
8.000000000000000444e-01,-8.298496588137638241e-01
8.000000000000000444e-01,-8.357303370786517416e-01
8.000000000000000444e-01,0.000000000000000000e+00
8.000000000000000444e-01,7.857142857142856984e-01
8.000000000000000444e-01,1.289473684210526327e+00
8.000000000000000444e-01,-8.518237089042068888e-01
8.000000000000000444e-01,3.944444444444443754e-01
8.000000000000000444e-01,-7.777777777777777901e-01
8.000000000000000444e-01,0.000000000000000000e+00
8.000000000000000444e-01,0.000000000000000000e+00
8.000000000000000444e-01,1.259740259740259827e+00
8.000000000000000444e-01,5.189090189090189709e-01
8.000000000000000444e-01,4.927213875266523990e-01
8.000000000000000444e-01,-7.879590995545354692e-01
8.000000000000000444e-01,-8.832824926114445363e-01
8.000000000000000444e-01,3.210501250148827257e-01
8.000000000000000444e-01,-8.866093916981014900e-01
8.000000000000000444e-01,0.000000000000000000e+00
4.400000000000000022e-01,0.000000000000000000e+00
4.400000000000000022e-01,0.000000000000000000e+00
8.000000000000000444e-01,3.619639917426638043e-01
8.000000000000000444e-01,-7.711864406779661563e-01
8.000000000000000444e-01,1.061345056843289170e+00
8.000000000000000444e-01,3.762875762034896265e-01
8.000000000000000444e-01,-7.563088465762554113e-01
8.000000000000000444e-01,-7.739130434782608425e-01
8.000000000000000444e-01,0.000000000000000000e+00
8.000000000000000444e-01,0.000000000000000000e+00
8.000000000000000444e-01,0.000000000000000000e+00
8.000000000000000444e-01,0.000000000000000000e+00
8.000000000000000444e-01,0.000000000000000000e+00
8.000000000000000444e-01,0.000000000000000000e+00
8.000000000000000444e-01,1.382716049382715973e+00
8.000000000000000444e-01,0.000000000000000000e+00
8.000000000000000444e-01,-7.992563841187694251e-01
8.000000000000000444e-01,0.000000000000000000e+00
8.000000000000000444e-01,0.000000000000000000e+00
8.000000000000000444e-01,0.000000000000000000e+00
8.000000000000000444e-01,1.394366197183098510e+00
8.000000000000000444e-01,-7.632686301441524712e-01
8.000000000000000444e-01,0.000000000000000000e+00
8.000000000000000444e-01,1.162346610669991565e+00
8.000000000000000444e-01,-7.565534519533263502e-01
8.000000000000000444e-01,1.481481481481481399e+00
8.000000000000000444e-01,-7.402137498507258551e-01
8.000000000000000444e-01,-7.893282493492936869e-01
8.000000000000000444e-01,-7.923416789396171556e-01
8.000000000000000444e-01,0.000000000000000000e+00
8.000000000000000444e-01,1.266666666666666607e+00
8.000000000000000444e-01,-8.021977857415897306e-01
8.000000000000000444e-01,4.594769131417499874e-01
8.000000000000000444e-01,-8.484848484848485084e-01
8.000000000000000444e-01,1.270308123249299648e+00
8.000000000000000444e-01,3.881894640056817725e-01
8.000000000000000444e-01,3.866225242367755666e-01
8.000000000000000444e-01,-8.285734238429798282e-01
8.000000000000000444e-01,3.688942773449814805e-01
8.000000000000000444e-01,-7.664802152692604675e-01
8.000000000000000444e-01,0.000000000000000000e+00
8.000000000000000444e-01,-7.758186799495386810e-01
8.000000000000000444e-01,-7.534246575342465890e-01
8.000000000000000444e-01,0.000000000000000000e+00
8.000000000000000444e-01,0.000000000000000000e+00
8.000000000000000444e-01,0.000000000000000000e+00
8.000000000000000444e-01,1.068940493468795383e+00
8.000000000000000444e-01,-7.307692307692307265e-01
8.000000000000000444e-01,0.000000000000000000e+00
8.000000000000000444e-01,1.373831775700934621e+00
8.000000000000000444e-01,5.197059424137226991e-01
8.000000000000000444e-01,-8.306611696442205428e-01
8.000000000000000444e-01,1.301785714285714324e+00
8.000000000000000444e-01,6.693995650660639063e-01
8.000000000000000444e-01,-7.606437351354397025e-01
8.000000000000000444e-01,-7.342633489571813721e-01
8.000000000000000444e-01,-7.996486126257118521e-01
8.000000000000000444e-01,1.250000000000000000e+00
8.000000000000000444e-01,5.058505617167298185e-01
8.000000000000000444e-01,-8.229683611348057592e-01
8.000000000000000444e-01,-8.456459261394033700e-01
8.000000000000000444e-01,0.000000000000000000e+00
8.000000000000000444e-01,-8.472222222222222099e-01
8.000000000000000444e-01,1.224137931034482651e+00
8.000000000000000444e-01,3.438561438561438255e-01
8.000000000000000444e-01,3.660930647672927529e-01
8.000000000000000444e-01,-8.031189670296402516e-01
8.000000000000000444e-01,3.753431766438999340e-01
8.000000000000000444e-01,-7.719298245614034659e-01
8.000000000000000444e-01,1.014204545454545414e+00
8.000000000000000444e-01,-8.041261504232031232e-01
8.000000000000000444e-01,0.000000000000000000e+00
8.000000000000000444e-01,0.000000000000000000e+00
8.000000000000000444e-01,0.000000000000000000e+00
8.000000000000000444e-01,0.000000000000000000e+00
8.000000000000000444e-01,0.000000000000000000e+00
8.000000000000000444e-01,0.000000000000000000e+00
8.000000000000000444e-01,0.000000000000000000e+00
8.000000000000000444e-01,-7.894736842105263275e-01
8.000000000000000444e-01,1.309090909090909083e+00
8.000000000000000444e-01,4.672641693941304020e-01
8.000000000000000444e-01,5.144217011393178440e-01
8.000000000000000444e-01,-8.045303239361135672e-01
8.000000000000000444e-01,5.051319648093841597e-01
8.000000000000000444e-01,4.308662649848248316e-01
8.000000000000000444e-01,5.201757813227341209e-01
8.000000000000000444e-01,-7.856534568491090331e-01
8.000000000000000444e-01,4.561260563153276548e-01
8.000000000000000444e-01,-7.816604542469762773e-01
8.000000000000000444e-01,-8.281093413054041452e-01
8.000000000000000444e-01,2.866764037650114672e-01
8.000000000000000444e-01,-8.327505827505827796e-01
8.000000000000000444e-01,0.000000000000000000e+00
8.000000000000000444e-01,0.000000000000000000e+00
8.000000000000000444e-01,1.175824175824175866e+00
8.000000000000000444e-01,-7.670130840912957604e-01
8.000000000000000444e-01,2.843137254901961786e-01
8.000000000000000444e-01,-9.064327485380117011e-01
8.000000000000000444e-01,0.000000000000000000e+00
8.000000000000000444e-01,7.800000000000000266e-01
8.000000000000000444e-01,6.983976000585356836e-02
8.000000000000000444e-01,-7.478991596638655537e-01
8.000000000000000444e-01,1.237798652236062891e+00
8.000000000000000444e-01,4.687739797697942912e-01
8.000000000000000444e-01,-7.733438386775995932e-01
8.000000000000000444e-01,-7.857996340689294978e-01
8.000000000000000444e-01,0.000000000000000000e+00
8.000000000000000444e-01,0.000000000000000000e+00
8.000000000000000444e-01,0.000000000000000000e+00
8.000000000000000444e-01,0.000000000000000000e+00
8.000000000000000444e-01,1.065800865800865749e+00
8.000000000000000444e-01,-7.965299411561094223e-01
8.000000000000000444e-01,1.316582491582491521e+00
8.000000000000000444e-01,-8.270891690009336550e-01
8.000000000000000444e-01,1.333333333333333259e+00
8.000000000000000444e-01,-6.950765415855881812e-01
8.000000000000000444e-01,4.429223744292238862e-01
8.000000000000000444e-01,4.871389483534334097e-01
8.000000000000000444e-01,-7.140920223976860992e-01
8.000000000000000444e-01,-8.303192122573709311e-01
8.000000000000000444e-01,-8.000000000000000444e-01
8.000000000000000444e-01,0.000000000000000000e+00
8.000000000000000444e-01,1.253521126760563487e+00
8.000000000000000444e-01,-8.085915669298159303e-01
8.000000000000000444e-01,0.000000000000000000e+00
8.000000000000000444e-01,1.295458553791887013e+00
8.000000000000000444e-01,-7.993415264443015644e-01
8.000000000000000444e-01,1.258823529411764675e+00
8.000000000000000444e-01,-7.509184230839900387e-01
8.000000000000000444e-01,-7.809989911759823711e-01
8.000000000000000444e-01,1.122069910531571901e+00
8.000000000000000444e-01,4.766833369573096890e-01
8.000000000000000444e-01,4.561318423020477297e-01
8.000000000000000444e-01,-7.737144810634510872e-01
8.000000000000000444e-01,-7.971150219799894021e-01
8.000000000000000444e-01,3.293449718399100723e-01
8.000000000000000444e-01,-8.138764832290011908e-01
8.000000000000000444e-01,0.000000000000000000e+00
8.000000000000000444e-01,0.000000000000000000e+00
8.000000000000000444e-01,1.208695652173912949e+00
8.000000000000000444e-01,-7.679097734302329226e-01
8.000000000000000444e-01,-8.850574712643678454e-01
8.000000000000000444e-01,1.187878787878787756e+00
8.000000000000000444e-01,-8.931818181818181879e-01
8.000000000000000444e-01,1.184210526315789380e+00
8.000000000000000444e-01,3.345049317058493843e-01
8.000000000000000444e-01,3.537717258975153767e-01
8.000000000000000444e-01,-8.535233740831701388e-01
8.000000000000000444e-01,2.682948116627663637e-01
8.000000000000000444e-01,2.893684213614989842e-01
8.000000000000000444e-01,-8.276048027204900848e-01
8.000000000000000444e-01,2.955754509442554134e-01
8.000000000000000444e-01,-8.150162925443216189e-01
8.000000000000000444e-01,2.491606659982377181e-01
8.000000000000000444e-01,1.109375000000000000e+00
8.000000000000000444e-01,-8.325825801522814817e-01
8.000000000000000444e-01,-8.413167487443743431e-01
8.000000000000000444e-01,1.105570291777188352e+00
8.000000000000000444e-01,-8.437272557579280630e-01
8.000000000000000444e-01,1.106060606060605966e+00
8.000000000000000444e-01,1.712407796529044068e-01
8.000000000000000444e-01,-7.862573620063305624e-01
8.000000000000000444e-01,-9.743589743589743390e-01
8.000000000000000444e-01,1.127303967510153271e+00
8.000000000000000444e-01,3.341910368331509895e-01
8.000000000000000444e-01,-8.436398467432950632e-01
8.000000000000000444e-01,-8.299978934063618752e-01
8.000000000000000444e-01,0.000000000000000000e+00
8.000000000000000444e-01,0.000000000000000000e+00
8.000000000000000444e-01,1.204301075268817245e+00
8.000000000000000444e-01,-8.536585365853658347e-01
8.000000000000000444e-01,0.000000000000000000e+00
8.000000000000000444e-01,0.000000000000000000e+00
8.000000000000000444e-01,1.258823529411764675e+00
8.000000000000000444e-01,-7.572594916344916882e-01
8.000000000000000444e-01,1.209222769567597222e+00
8.000000000000000444e-01,3.881485554645333069e-01
8.000000000000000444e-01,3.361072446358228660e-01
8.000000000000000444e-01,-8.135617319641038625e-01
8.000000000000000444e-01,1.208333333333333259e+00
8.000000000000000444e-01,-8.386805555555556513e-01
8.000000000000000444e-01,-7.472316467923271199e-01
8.000000000000000444e-01,-9.047619047619047672e-01
8.000000000000000444e-01,0.000000000000000000e+00
8.000000000000000444e-01,0.000000000000000000e+00
8.000000000000000444e-01,-8.599999999999999867e-01
8.000000000000000444e-01,0.000000000000000000e+00
8.000000000000000444e-01,0.000000000000000000e+00
8.000000000000000444e-01,1.263888888888888840e+00
8.000000000000000444e-01,0.000000000000000000e+00
8.000000000000000444e-01,-7.709790209790210458e-01
8.000000000000000444e-01,0.000000000000000000e+00
8.000000000000000444e-01,1.306201550387596999e+00
8.000000000000000444e-01,-8.473360655737705027e-01
8.000000000000000444e-01,1.282862407862407794e+00
8.000000000000000444e-01,-7.580456415832000916e-01
8.000000000000000444e-01,1.372197309417040323e+00
8.000000000000000444e-01,-7.370015620665996137e-01
8.000000000000000444e-01,5.518925518925518192e-01
8.000000000000000444e-01,5.463833605073812327e-01
8.000000000000000444e-01,-8.117227457995304096e-01
8.000000000000000444e-01,-8.193311270849740202e-01
8.000000000000000444e-01,-7.709021971611900170e-01
8.000000000000000444e-01,1.263157894736842035e+00
8.000000000000000444e-01,4.569384971081077440e-01
8.000000000000000444e-01,-8.223456613660489189e-01
8.000000000000000444e-01,0.000000000000000000e+00
8.000000000000000444e-01,1.229372867196239172e+00
8.000000000000000444e-01,-8.210205029151216305e-01
