1.000000000000000056e-01,-1.000000000000000000e+00
1.000000000000000056e-01,-1.000000000000000000e+00
1.000000000000000056e-01,-1.000000000000000000e+00
1.000000000000000056e-01,-1.000000000000000000e+00
1.000000000000000056e-01,-1.000000000000000000e+00
1.000000000000000056e-01,-1.000000000000000000e+00
1.000000000000000056e-01,-1.000000000000000000e+00
1.000000000000000056e-01,-1.000000000000000000e+00
1.000000000000000056e-01,-1.000000000000000000e+00
8.000000000000000444e-01,4.919108669108668841e-01
3.499999999999999778e-01,1.000000000000000000e+00
4.400000000000000022e-01,0.000000000000000000e+00
4.400000000000000022e-01,0.000000000000000000e+00
3.499999999999999778e-01,1.000000000000000000e+00
4.400000000000000022e-01,0.000000000000000000e+00
4.400000000000000022e-01,0.000000000000000000e+00
8.000000000000000444e-01,6.692857142857142616e-01
8.000000000000000444e-01,6.576449109995435860e-01
8.000000000000000444e-01,0.000000000000000000e+00
8.000000000000000444e-01,7.228915662650602370e-01
8.000000000000000444e-01,6.875000000000000000e-01
8.000000000000000444e-01,7.513821138211382866e-01
8.000000000000000444e-01,-1.120000000000000107e+00
8.000000000000000444e-01,7.552588884253464974e-01
8.000000000000000444e-01,-3.194099807003025759e-02
8.000000000000000444e-01,-2.451656842582752294e-01
8.000000000000000444e-01,0.000000000000000000e+00
8.000000000000000444e-01,8.235294117647058432e-01
8.000000000000000444e-01,-9.230769230769231282e-01
8.000000000000000444e-01,8.529411764705882026e-01
8.000000000000000444e-01,0.000000000000000000e+00
8.000000000000000444e-01,0.000000000000000000e+00
8.000000000000000444e-01,2.536997885835090560e-02
8.000000000000000444e-01,9.499999999999999556e-01
8.000000000000000444e-01,-8.431025367893636435e-01
8.000000000000000444e-01,1.730769230769231282e-01
8.000000000000000444e-01,-7.747248248353627575e-01
8.000000000000000444e-01,0.000000000000000000e+00
8.000000000000000444e-01,0.000000000000000000e+00
8.000000000000000444e-01,9.746835443037974445e-01
8.000000000000000444e-01,9.777777777777777457e-01
8.000000000000000444e-01,1.110644257703080617e-01
8.000000000000000444e-01,-8.678929765886287395e-01
8.000000000000000444e-01,1.425491785343364626e-01
8.000000000000000444e-01,2.030624090515198432e-01
8.000000000000000444e-01,-7.906976744186046124e-01
8.000000000000000444e-01,9.784946236559139976e-01
8.000000000000000444e-01,1.941176470588235059e-01
8.000000000000000444e-01,1.262141394179806531e-01
8.000000000000000444e-01,-7.548323015251785506e-01
8.000000000000000444e-01,1.491698192517865174e-01
8.000000000000000444e-01,1.883051092777536795e-01
8.000000000000000444e-01,-7.982245342993726789e-01
8.000000000000000444e-01,1.000000000000000000e+00
8.000000000000000444e-01,-8.260761717312652408e-01
8.000000000000000444e-01,0.000000000000000000e+00
8.000000000000000444e-01,0.000000000000000000e+00
8.000000000000000444e-01,0.000000000000000000e+00
8.000000000000000444e-01,0.000000000000000000e+00
8.000000000000000444e-01,0.000000000000000000e+00
8.000000000000000444e-01,0.000000000000000000e+00
8.000000000000000444e-01,1.021276595744680771e+00
8.000000000000000444e-01,1.460843056869546297e-01
8.000000000000000444e-01,-7.461783254648480801e-01
8.000000000000000444e-01,1.000000000000000000e+00
8.000000000000000444e-01,-7.823171471002628996e-01
8.000000000000000444e-01,9.705882352941176405e-01
8.000000000000000444e-01,-8.864610759678491769e-01
8.000000000000000444e-01,9.805795542631356998e-02
8.000000000000000444e-01,1.640063241480167466e-01
8.000000000000000444e-01,-7.859314812093955993e-01
8.000000000000000444e-01,4.126031507876970483e-02
8.000000000000000444e-01,-8.137894128367649804e-01
8.000000000000000444e-01,9.782608695652174058e-01
8.000000000000000444e-01,1.193605833625154267e-01
8.000000000000000444e-01,-8.004524886877828482e-01
8.000000000000000444e-01,9.633027522935779796e-01
8.000000000000000444e-01,-7.939059300302069300e-01
8.000000000000000444e-01,1.000000000000000000e+00
8.000000000000000444e-01,1.619180274855608337e-01
8.000000000000000444e-01,-7.785664770639779686e-01
8.000000000000000444e-01,-8.157036650580409276e-01
8.000000000000000444e-01,0.000000000000000000e+00
8.000000000000000444e-01,0.000000000000000000e+00
8.000000000000000444e-01,0.000000000000000000e+00
8.000000000000000444e-01,0.000000000000000000e+00
8.000000000000000444e-01,1.068322981366459645e+00
8.000000000000000444e-01,1.000000000000000000e+00
8.000000000000000444e-01,-7.851684524126385512e-01
8.000000000000000444e-01,1.872577367314272045e-01
8.000000000000000444e-01,-8.206997354039607950e-01
8.000000000000000444e-01,1.039215686274509887e+00
8.000000000000000444e-01,-7.761974156079410880e-01
8.000000000000000444e-01,0.000000000000000000e+00
8.000000000000000444e-01,0.000000000000000000e+00
8.000000000000000444e-01,2.330554946260143812e-01
8.000000000000000444e-01,0.000000000000000000e+00
8.000000000000000444e-01,1.590092645112497483e-01
8.000000000000000444e-01,1.016949152542372836e+00
8.000000000000000444e-01,-8.451852590900861273e-01
8.000000000000000444e-01,-9.000270321412159324e-01
8.000000000000000444e-01,0.000000000000000000e+00
8.000000000000000444e-01,2.250673854447438060e-01
8.000000000000000444e-01,0.000000000000000000e+00
8.000000000000000444e-01,-8.285714285714286254e-01
8.000000000000000444e-01,0.000000000000000000e+00
8.000000000000000444e-01,1.046511627906976827e+00
8.000000000000000444e-01,0.000000000000000000e+00
8.000000000000000444e-01,-7.708333333333333703e-01
8.000000000000000444e-01,0.000000000000000000e+00
8.000000000000000444e-01,0.000000000000000000e+00
8.000000000000000444e-01,1.099206349206349298e+00
8.000000000000000444e-01,2.258454106280193274e-01
8.000000000000000444e-01,-8.208553150832884615e-01
8.000000000000000444e-01,1.022727272727272707e+00
8.000000000000000444e-01,-7.626613869970271242e-01
8.000000000000000444e-01,1.999999999999999556e-01
8.000000000000000444e-01,1.859774083879159878e-01
8.000000000000000444e-01,1.975818218987189789e-01
8.000000000000000444e-01,1.316119141182262586e-01
8.000000000000000444e-01,-8.256191267327760430e-01
8.000000000000000444e-01,-7.719298245614034659e-01
8.000000000000000444e-01,0.000000000000000000e+00
8.000000000000000444e-01,1.000000000000000000e+00
8.000000000000000444e-01,-7.905025868440502812e-01
8.000000000000000444e-01,0.000000000000000000e+00
8.000000000000000444e-01,0.000000000000000000e+00
8.000000000000000444e-01,9.549895231520171279e-01
8.000000000000000444e-01,1.093750000000000000e+00
8.000000000000000444e-01,-7.360596884163329578e-01
8.000000000000000444e-01,-8.178126275130522815e-01
8.000000000000000444e-01,2.763157894736840703e-01
8.000000000000000444e-01,-7.722772277227722970e-01
8.000000000000000444e-01,1.038461538461538547e+00
8.000000000000000444e-01,1.790203709468198845e-01
8.000000000000000444e-01,-7.911770566899365420e-01
8.000000000000000444e-01,1.000000000000000000e+00
8.000000000000000444e-01,-8.196970158339236256e-01
8.000000000000000444e-01,2.430438842203547223e-01
8.000000000000000444e-01,-7.734375000000000000e-01
8.000000000000000444e-01,1.035294117647058920e+00
8.000000000000000444e-01,2.247222222222222676e-01
8.000000000000000444e-01,-7.984135430443904946e-01
8.000000000000000444e-01,0.000000000000000000e+00
8.000000000000000444e-01,2.469135802469135665e-01
8.000000000000000444e-01,2.041016718052036660e-01
8.000000000000000444e-01,-8.098499569087803662e-01
8.000000000000000444e-01,-7.751479289940828021e-01
8.000000000000000444e-01,1.000000000000000000e+00
8.000000000000000444e-01,1.000000000000000000e+00
8.000000000000000444e-01,1.630746477403037797e-01
8.000000000000000444e-01,-7.952015754334015307e-01
8.000000000000000444e-01,-8.645664157919060733e-01
8.000000000000000444e-01,0.000000000000000000e+00
8.000000000000000444e-01,0.000000000000000000e+00
8.000000000000000444e-01,1.062015503875969102e+00
8.000000000000000444e-01,2.212765957446809484e-01
8.000000000000000444e-01,0.000000000000000000e+00
8.000000000000000444e-01,1.309632430340084142e-01
8.000000000000000444e-01,-8.283921971536969409e-01
8.000000000000000444e-01,0.000000000000000000e+00
8.000000000000000444e-01,2.497387669801462984e-01
8.000000000000000444e-01,-7.765363128491620248e-01
8.000000000000000444e-01,1.000000000000000000e+00
8.000000000000000444e-01,1.981471771138271221e-01
8.000000000000000444e-01,-8.523799991284547461e-01
8.000000000000000444e-01,1.062500000000000000e+00
8.000000000000000444e-01,8.550939486847808357e-02
8.000000000000000444e-01,-8.552132916270003271e-01
8.000000000000000444e-01,-7.738880559720140440e-01
8.000000000000000444e-01,0.000000000000000000e+00
8.000000000000000444e-01,0.000000000000000000e+00
8.000000000000000444e-01,0.000000000000000000e+00
8.000000000000000444e-01,0.000000000000000000e+00
8.000000000000000444e-01,0.000000000000000000e+00
8.000000000000000444e-01,0.000000000000000000e+00
8.000000000000000444e-01,1.064428054154854753e+00
8.000000000000000444e-01,-7.801960784313726194e-01
8.000000000000000444e-01,1.065217391304347894e+00
8.000000000000000444e-01,-8.060822306731809661e-01
8.000000000000000444e-01,1.115384615384615419e+00
8.000000000000000444e-01,2.574172308966757861e-01
8.000000000000000444e-01,1.999683763528595781e-01
8.000000000000000444e-01,-7.588204255822209587e-01
8.000000000000000444e-01,-8.010072712692608565e-01
8.000000000000000444e-01,0.000000000000000000e+00
8.000000000000000444e-01,0.000000000000000000e+00
8.000000000000000444e-01,0.000000000000000000e+00
8.000000000000000444e-01,1.000000000000000000e+00
8.000000000000000444e-01,-7.500000000000000000e-01
8.000000000000000444e-01,1.000000000000000000e+00
8.000000000000000444e-01,-7.393750000000000044e-01
8.000000000000000444e-01,-8.230088495575220708e-01
8.000000000000000444e-01,0.000000000000000000e+00
8.000000000000000444e-01,-7.258064516129032473e-01
8.000000000000000444e-01,0.000000000000000000e+00
8.000000000000000444e-01,0.000000000000000000e+00
8.000000000000000444e-01,1.075949367088607556e+00
8.000000000000000444e-01,1.096385542168674787e+00
8.000000000000000444e-01,-8.384900034201757668e-01
8.000000000000000444e-01,0.000000000000000000e+00
8.000000000000000444e-01,1.055555555555555580e+00
8.000000000000000444e-01,-7.909108319476912952e-01
8.000000000000000444e-01,-7.747252747252747485e-01
8.000000000000000444e-01,0.000000000000000000e+00
8.000000000000000444e-01,1.097087378640776656e+00
8.000000000000000444e-01,-7.731942979620998191e-01
8.000000000000000444e-01,0.000000000000000000e+00
8.000000000000000444e-01,1.036585365853658569e+00
8.000000000000000444e-01,-7.378703383941095373e-01
8.000000000000000444e-01,-8.081774081774081298e-01
8.000000000000000444e-01,0.000000000000000000e+00
8.000000000000000444e-01,9.508982035928144061e-01
8.000000000000000444e-01,2.183601246672097762e-01
8.000000000000000444e-01,2.258168048459487931e-01
8.000000000000000444e-01,2.678199863570687178e-01
8.000000000000000444e-01,-7.748504371836171245e-01
8.000000000000000444e-01,-8.000000000000000444e-01
8.000000000000000444e-01,0.000000000000000000e+00
8.000000000000000444e-01,0.000000000000000000e+00
8.000000000000000444e-01,0.000000000000000000e+00
8.000000000000000444e-01,0.000000000000000000e+00
8.000000000000000444e-01,0.000000000000000000e+00
8.000000000000000444e-01,1.083333333333333259e+00
8.000000000000000444e-01,-7.617892740670747509e-01
8.000000000000000444e-01,0.000000000000000000e+00
8.000000000000000444e-01,0.000000000000000000e+00
8.000000000000000444e-01,1.100000000000000089e+00
8.000000000000000444e-01,-8.178597138534037247e-01
8.000000000000000444e-01,2.478494623655913554e-01
8.000000000000000444e-01,-7.534246575342465890e-01
8.000000000000000444e-01,0.000000000000000000e+00
8.000000000000000444e-01,0.000000000000000000e+00
8.000000000000000444e-01,0.000000000000000000e+00
8.000000000000000444e-01,0.000000000000000000e+00
8.000000000000000444e-01,8.205128205128204844e-01
8.000000000000000444e-01,-7.548387096774193949e-01
8.000000000000000444e-01,1.134751773049645474e+00
8.000000000000000444e-01,-7.859707356726730598e-01
8.000000000000000444e-01,0.000000000000000000e+00
8.000000000000000444e-01,1.072289156626506035e+00
8.000000000000000444e-01,-7.613639756920034252e-01
8.000000000000000444e-01,2.684191527187107518e-01
8.000000000000000444e-01,-8.246445059665962196e-01
8.000000000000000444e-01,1.069450800915331845e+00
8.000000000000000444e-01,2.481056680130271364e-01
8.000000000000000444e-01,3.221796572481196996e-01
8.000000000000000444e-01,-7.386639050366792247e-01
8.000000000000000444e-01,-7.708333333333333703e-01
8.000000000000000444e-01,0.000000000000000000e+00
8.000000000000000444e-01,0.000000000000000000e+00
8.000000000000000444e-01,0.000000000000000000e+00
8.000000000000000444e-01,3.235294117647058432e-01
8.000000000000000444e-01,1.064935064935064846e+00
8.000000000000000444e-01,-7.611950967342202556e-01
8.000000000000000444e-01,1.674097022610924190e-01
8.000000000000000444e-01,-8.620898532390983693e-01
8.000000000000000444e-01,0.000000000000000000e+00
8.000000000000000444e-01,2.254901960784313486e-01
8.000000000000000444e-01,1.489361702127659504e-01
8.000000000000000444e-01,2.245181616011860948e-01
8.000000000000000444e-01,1.961789790355228380e-01
8.000000000000000444e-01,-8.548513812602184236e-01
8.000000000000000444e-01,0.000000000000000000e+00
8.000000000000000444e-01,0.000000000000000000e+00
8.000000000000000444e-01,0.000000000000000000e+00
8.000000000000000444e-01,0.000000000000000000e+00
8.000000000000000444e-01,-7.954545454545454142e-01
8.000000000000000444e-01,1.037037037037036979e+00
8.000000000000000444e-01,0.000000000000000000e+00
8.000000000000000444e-01,-7.777777777777777901e-01
8.000000000000000444e-01,0.000000000000000000e+00
8.000000000000000444e-01,0.000000000000000000e+00
8.000000000000000444e-01,0.000000000000000000e+00
8.000000000000000444e-01,0.000000000000000000e+00
8.000000000000000444e-01,1.162162162162162060e+00
8.000000000000000444e-01,-7.747178077149785569e-01
8.000000000000000444e-01,1.132530120481927804e+00
8.000000000000000444e-01,3.246183640920481395e-01
8.000000000000000444e-01,-7.549282773709361516e-01
8.000000000000000444e-01,-7.207207207207206867e-01
8.000000000000000444e-01,0.000000000000000000e+00
8.000000000000000444e-01,0.000000000000000000e+00
8.000000000000000444e-01,1.134110787172011747e+00
8.000000000000000444e-01,-7.965517241379310720e-01
8.000000000000000444e-01,0.000000000000000000e+00
8.000000000000000444e-01,1.103448275862068950e+00
8.000000000000000444e-01,-7.421348791587897287e-01
8.000000000000000444e-01,-8.046132971506105847e-01
8.000000000000000444e-01,7.777777777777777901e-01
8.000000000000000444e-01,3.023040538307714131e-01
8.000000000000000444e-01,-8.153185921062253705e-01
8.000000000000000444e-01,0.000000000000000000e+00
8.000000000000000444e-01,1.093023255813953432e+00
8.000000000000000444e-01,2.670695187165774698e-01
8.000000000000000444e-01,-7.524396905450764228e-01
8.000000000000000444e-01,0.000000000000000000e+00
8.000000000000000444e-01,-8.046653167620910763e-01
8.000000000000000444e-01,0.000000000000000000e+00
8.000000000000000444e-01,1.097826086956521729e+00
8.000000000000000444e-01,2.246578435082623448e-01
8.000000000000000444e-01,-7.492539905478224904e-01
8.000000000000000444e-01,1.000000000000000000e+00
8.000000000000000444e-01,-8.084749712615613149e-01
8.000000000000000444e-01,1.356593511758424908e-01
8.000000000000000444e-01,2.085881489865643035e-01
8.000000000000000444e-01,-8.818897637795275468e-01
8.000000000000000444e-01,-8.085106382978722861e-01
8.000000000000000444e-01,0.000000000000000000e+00
8.000000000000000444e-01,1.035087719298245723e+00
8.000000000000000444e-01,0.000000000000000000e+00
8.000000000000000444e-01,1.047945205479452024e+00
8.000000000000000444e-01,-7.719532223225414880e-01
8.000000000000000444e-01,2.184746914203075097e-01
8.000000000000000444e-01,-7.921444757761894051e-01
8.000000000000000444e-01,1.062500000000000000e+00
8.000000000000000444e-01,-7.643402126328956436e-01
8.000000000000000444e-01,0.000000000000000000e+00
8.000000000000000444e-01,0.000000000000000000e+00
8.000000000000000444e-01,2.236024844720496674e-01
8.000000000000000444e-01,-8.126235399820305183e-01
8.000000000000000444e-01,1.025641025641025550e+00
8.000000000000000444e-01,-8.340591635606502408e-01
8.000000000000000444e-01,-7.966101694915254106e-01
8.000000000000000444e-01,0.000000000000000000e+00
8.000000000000000444e-01,7.272727272727272929e-01
8.000000000000000444e-01,0.000000000000000000e+00
8.000000000000000444e-01,0.000000000000000000e+00
8.000000000000000444e-01,0.000000000000000000e+00
8.000000000000000444e-01,0.000000000000000000e+00
8.000000000000000444e-01,0.000000000000000000e+00
8.000000000000000444e-01,0.000000000000000000e+00
8.000000000000000444e-01,1.101449275362318847e+00
8.000000000000000444e-01,-7.814723590585659352e-01
8.000000000000000444e-01,0.000000000000000000e+00
8.000000000000000444e-01,1.133333333333333304e+00
8.000000000000000444e-01,3.093128616412771370e-01
8.000000000000000444e-01,3.401394021165858872e-01
8.000000000000000444e-01,-7.839890866258534263e-01
8.000000000000000444e-01,-7.630633553051819895e-01
8.000000000000000444e-01,1.035714285714285809e+00
8.000000000000000444e-01,-7.761061946902654274e-01
8.000000000000000444e-01,2.352941176470588758e-01
8.000000000000000444e-01,-7.969453373939935359e-01
8.000000000000000444e-01,0.000000000000000000e+00
8.000000000000000444e-01,0.000000000000000000e+00
8.000000000000000444e-01,0.000000000000000000e+00
8.000000000000000444e-01,-7.733333333333333171e-01
8.000000000000000444e-01,0.000000000000000000e+00
8.000000000000000444e-01,0.000000000000000000e+00
8.000000000000000444e-01,0.000000000000000000e+00
8.000000000000000444e-01,0.000000000000000000e+00
8.000000000000000444e-01,0.000000000000000000e+00
8.000000000000000444e-01,1.173913043478260976e+00
8.000000000000000444e-01,9.549335863377609313e-01
8.000000000000000444e-01,-7.750973551479136692e-01
8.000000000000000444e-01,3.463521259770193650e-01
8.000000000000000444e-01,-8.228104735478530829e-01
8.000000000000000444e-01,0.000000000000000000e+00
8.000000000000000444e-01,0.000000000000000000e+00
8.000000000000000444e-01,1.095238095238095344e+00
8.000000000000000444e-01,3.632230033892146492e-01
8.000000000000000444e-01,-7.384759136730556506e-01
8.000000000000000444e-01,3.024057529180956827e-01
8.000000000000000444e-01,2.753623188405797118e-01
8.000000000000000444e-01,-7.499993794601966801e-01
8.000000000000000444e-01,-8.091032608695652995e-01
8.000000000000000444e-01,1.035333536399634546e+00
8.000000000000000444e-01,1.786929082397915591e-01
8.000000000000000444e-01,2.159547192472572874e-01
8.000000000000000444e-01,-8.058943285781920984e-01
8.000000000000000444e-01,-8.021093289466203480e-01
8.000000000000000444e-01,0.000000000000000000e+00
8.000000000000000444e-01,0.000000000000000000e+00
4.400000000000000022e-01,0.000000000000000000e+00
4.400000000000000022e-01,0.000000000000000000e+00
8.000000000000000444e-01,0.000000000000000000e+00
8.000000000000000444e-01,1.043478260869565188e+00
8.000000000000000444e-01,-7.917537502122516946e-01
8.000000000000000444e-01,0.000000000000000000e+00
8.000000000000000444e-01,0.000000000000000000e+00
8.000000000000000444e-01,0.000000000000000000e+00
8.000000000000000444e-01,0.000000000000000000e+00
8.000000000000000444e-01,1.092912903719577500e+00
8.000000000000000444e-01,1.976586217328524242e-01
8.000000000000000444e-01,2.523386396979384605e-01
8.000000000000000444e-01,2.701878495958542903e-01
8.000000000000000444e-01,2.376079421316081852e-01
8.000000000000000444e-01,-8.413395264607456125e-01
8.000000000000000444e-01,1.606417822539202289e-01
8.000000000000000444e-01,-7.765406169927006053e-01
8.000000000000000444e-01,-8.445680525815880690e-01
8.000000000000000444e-01,2.400218698742482282e-01
8.000000000000000444e-01,-7.538461538461538325e-01
8.000000000000000444e-01,9.791666666666666297e-01
8.000000000000000444e-01,1.000000000000000000e+00
8.000000000000000444e-01,-7.435768129489627176e-01
8.000000000000000444e-01,0.000000000000000000e+00
8.000000000000000444e-01,1.341055630529315312e-01
8.000000000000000444e-01,1.041835357624831815e-01
8.000000000000000444e-01,1.842777153234175236e-01
8.000000000000000444e-01,-8.839380418312343668e-01
8.000000000000000444e-01,-8.421052631578946901e-01
8.000000000000000444e-01,0.000000000000000000e+00
8.000000000000000444e-01,7.454545454545454808e-01
8.000000000000000444e-01,0.000000000000000000e+00
8.000000000000000444e-01,9.871794871794872250e-01
8.000000000000000444e-01,-8.277706518307849093e-01
8.000000000000000444e-01,0.000000000000000000e+00
8.000000000000000444e-01,1.000000000000000000e+00
8.000000000000000444e-01,-7.653137037178392443e-01
8.000000000000000444e-01,1.000000000000000000e+00
8.000000000000000444e-01,-7.774309288381114902e-01
8.000000000000000444e-01,1.337768652006378067e-01
8.000000000000000444e-01,7.335674790928592426e-02
8.000000000000000444e-01,9.635274073866850753e-02
8.000000000000000444e-01,-8.351906065444941740e-01
8.000000000000000444e-01,1.000000000000000000e+00
8.000000000000000444e-01,-8.602566377787325136e-01
8.000000000000000444e-01,0.000000000000000000e+00
8.000000000000000444e-01,1.906350952233110130e-01
8.000000000000000444e-01,2.016129032258064946e-01
8.000000000000000444e-01,-7.694882240540182883e-01
8.000000000000000444e-01,0.000000000000000000e+00
8.000000000000000444e-01,1.022988505747126409e+00
8.000000000000000444e-01,1.576480724389144328e-01
8.000000000000000444e-01,-8.580995989879042218e-01
8.000000000000000444e-01,-8.026315789473684736e-01
8.000000000000000444e-01,9.740259740259740173e-01
8.000000000000000444e-01,1.031578947368421151e+00
8.000000000000000444e-01,-7.420247158566352086e-01
8.000000000000000444e-01,0.000000000000000000e+00
8.000000000000000444e-01,1.043402502576584734e-01
8.000000000000000444e-01,-8.374363867684477825e-01
8.000000000000000444e-01,0.000000000000000000e+00
8.000000000000000444e-01,0.000000000000000000e+00
8.000000000000000444e-01,1.094736842105263230e+00
8.000000000000000444e-01,-7.651165938420031454e-01
8.000000000000000444e-01,0.000000000000000000e+00
8.000000000000000444e-01,-7.450980392156862919e-01
8.000000000000000444e-01,0.000000000000000000e+00
8.000000000000000444e-01,0.000000000000000000e+00
8.000000000000000444e-01,0.000000000000000000e+00
8.000000000000000444e-01,0.000000000000000000e+00
8.000000000000000444e-01,1.000000000000000000e+00
8.000000000000000444e-01,-7.466666666666667007e-01
8.000000000000000444e-01,0.000000000000000000e+00
8.000000000000000444e-01,1.153846153846153744e+00
8.000000000000000444e-01,3.118521909960844107e-01
8.000000000000000444e-01,-8.288374756699626866e-01
8.000000000000000444e-01,0.000000000000000000e+00
8.000000000000000444e-01,1.037419152720510995e+00
8.000000000000000444e-01,-7.341467634079471560e-01
8.000000000000000444e-01,1.064583333333333215e+00
8.000000000000000444e-01,-7.444945178256302531e-01
8.000000000000000444e-01,-8.007630656409876480e-01
8.000000000000000444e-01,1.028571428571428470e+00
8.000000000000000444e-01,2.873710010319917574e-01
8.000000000000000444e-01,-7.798610805801298174e-01
8.000000000000000444e-01,2.092864773777596277e-01
8.000000000000000444e-01,1.704986154683220123e-01
8.000000000000000444e-01,2.140245664726575514e-01
8.000000000000000444e-01,-7.551213911983998273e-01
8.000000000000000444e-01,1.576893795203654358e-01
8.000000000000000444e-01,1.412777332761251392e-01
8.000000000000000444e-01,-7.923937209697519135e-01
8.000000000000000444e-01,0.000000000000000000e+00
8.000000000000000444e-01,1.000000000000000000e+00
8.000000000000000444e-01,9.060764533319520808e-02
8.000000000000000444e-01,1.622713154203161423e-01
8.000000000000000444e-01,-8.459577705973820860e-01
8.000000000000000444e-01,1.216081250982240514e-01
8.000000000000000444e-01,1.252709619147974740e-01
8.000000000000000444e-01,-8.654262371235393880e-01
8.000000000000000444e-01,1.463790446841294335e-01
8.000000000000000444e-01,1.578947368421053099e-01
8.000000000000000444e-01,9.680851063829787329e-01
8.000000000000000444e-01,-8.316669810918513317e-01
8.000000000000000444e-01,-8.288770053475935651e-01
8.000000000000000444e-01,9.666666666666666741e-01
8.000000000000000444e-01,-9.230769230769231282e-01
8.000000000000000444e-01,0.000000000000000000e+00
8.000000000000000444e-01,7.309941520467836407e-01
8.000000000000000444e-01,0.000000000000000000e+00
8.000000000000000444e-01,0.000000000000000000e+00
8.000000000000000444e-01,2.127659574468084847e-01
8.000000000000000444e-01,1.015873015873015817e+00
8.000000000000000444e-01,-7.347281033359343017e-01
8.000000000000000444e-01,-7.983633730837623732e-01
8.000000000000000444e-01,1.000000000000000000e+00
8.000000000000000444e-01,-9.097744360902255689e-01
8.000000000000000444e-01,1.043348623853211032e+00
8.000000000000000444e-01,-7.577452059838162279e-01
8.000000000000000444e-01,-7.976190476190476719e-01
8.000000000000000444e-01,9.101307189542483522e-01
8.000000000000000444e-01,1.000000000000000000e+00
8.000000000000000444e-01,-8.108162124180360308e-01
8.000000000000000444e-01,1.750000000000000444e-01
8.000000000000000444e-01,-8.972595055368586259e-01
8.000000000000000444e-01,9.833333333333332815e-01
8.000000000000000444e-01,1.172969187675070302e-01
8.000000000000000444e-01,-8.132776907551292345e-01
8.000000000000000444e-01,-7.776159026159025212e-01
8.000000000000000444e-01,1.031055900621117960e+00
8.000000000000000444e-01,-8.244274809160305750e-01
8.000000000000000444e-01,0.000000000000000000e+00
8.000000000000000444e-01,9.833333333333333925e-01
8.000000000000000444e-01,0.000000000000000000e+00
8.000000000000000444e-01,3.065956581581580354e-01
8.000000000000000444e-01,1.864178673389200735e-01
8.000000000000000444e-01,2.035216434336023505e-01
8.000000000000000444e-01,-8.725611744746074594e-01
8.000000000000000444e-01,2.140267481925549609e-01
8.000000000000000444e-01,1.266416497060154356e-01
8.000000000000000444e-01,1.346997222686138196e-01
8.000000000000000444e-01,-7.935412100684068326e-01
8.000000000000000444e-01,1.833333333333333481e-01
8.000000000000000444e-01,1.999999999999999556e-01
8.000000000000000444e-01,2.645833333333333925e-01
8.000000000000000444e-01,1.904994469421251724e-01
8.000000000000000444e-01,2.190520764477208449e-01
8.000000000000000444e-01,-7.665227520658995930e-01
8.000000000000000444e-01,9.278002699055332148e-02
8.000000000000000444e-01,-9.210526315789473450e-01
8.000000000000000444e-01,1.022988505747126409e+00
8.000000000000000444e-01,1.073405316826370193e-01
8.000000000000000444e-01,-8.584415584415584499e-01
8.000000000000000444e-01,0.000000000000000000e+00
8.000000000000000444e-01,7.272727272727272929e-01
8.000000000000000444e-01,2.309531229710427569e-01
8.000000000000000444e-01,1.990841101641031008e-01
8.000000000000000444e-01,6.079394301679053036e-02
8.000000000000000444e-01,-7.821407941599879399e-01
8.000000000000000444e-01,2.041321162288342039e-01
8.000000000000000444e-01,1.771825396825397192e-01
8.000000000000000444e-01,1.000000000000000000e+00
8.000000000000000444e-01,-7.595546558704453499e-01
8.000000000000000444e-01,-8.102158761313791313e-01
8.000000000000000444e-01,0.000000000000000000e+00
8.000000000000000444e-01,9.727891156462584732e-01
8.000000000000000444e-01,-8.194525881458730732e-01
8.000000000000000444e-01,-8.968253968253967479e-01
8.000000000000000444e-01,0.000000000000000000e+00
8.000000000000000444e-01,9.673913043478260532e-01
8.000000000000000444e-01,-8.846153846153845812e-01
8.000000000000000444e-01,9.775280898876403946e-01
8.000000000000000444e-01,-7.758620689655172376e-01
8.000000000000000444e-01,0.000000000000000000e+00
8.000000000000000444e-01,0.000000000000000000e+00
8.000000000000000444e-01,1.000000000000000000e+00
8.000000000000000444e-01,2.330163043478260532e-01
8.000000000000000444e-01,-7.804781471698013506e-01
8.000000000000000444e-01,1.064220183486238591e+00
8.000000000000000444e-01,-8.252212389380531032e-01
8.000000000000000444e-01,1.000000000000000000e+00
8.000000000000000444e-01,2.318163916976470063e-01
8.000000000000000444e-01,-7.779072503834090213e-01
8.000000000000000444e-01,-8.163203088814265929e-01
8.000000000000000444e-01,1.000000000000000000e+00
8.000000000000000444e-01,-8.758189852668151199e-01
8.000000000000000444e-01,1.025641025641025550e+00
8.000000000000000444e-01,-7.686564818307556335e-01
8.000000000000000444e-01,-7.728262261493148433e-01
8.000000000000000444e-01,0.000000000000000000e+00
8.000000000000000444e-01,0.000000000000000000e+00
8.000000000000000444e-01,9.510141093474425711e-01
8.000000000000000444e-01,0.000000000000000000e+00
8.000000000000000444e-01,1.066433566433566460e+00
8.000000000000000444e-01,-7.502923621433488233e-01
8.000000000000000444e-01,-7.626373626373625925e-01
8.000000000000000444e-01,0.000000000000000000e+00
8.000000000000000444e-01,-7.938931297709923562e-01
8.000000000000000444e-01,0.000000000000000000e+00
8.000000000000000444e-01,1.096551724137931005e+00
8.000000000000000444e-01,-8.000000000000000444e-01
8.000000000000000444e-01,1.081632653061224580e+00
8.000000000000000444e-01,1.044444444444444509e+00
8.000000000000000444e-01,2.991230693864701529e-01
8.000000000000000444e-01,-7.177737851026316784e-01
8.000000000000000444e-01,-7.768318095232761289e-01
8.000000000000000444e-01,1.000000000000000000e+00
8.000000000000000444e-01,-6.793404386922275995e-01
8.000000000000000444e-01,-8.142260279062853989e-01
8.000000000000000444e-01,0.000000000000000000e+00
8.000000000000000444e-01,1.039215686274509887e+00
8.000000000000000444e-01,-8.103146853146853124e-01
8.000000000000000444e-01,2.454545454545453698e-01
8.000000000000000444e-01,-8.322368421052631637e-01
8.000000000000000444e-01,0.000000000000000000e+00
8.000000000000000444e-01,0.000000000000000000e+00
8.000000000000000444e-01,0.000000000000000000e+00
8.000000000000000444e-01,1.027863777089783159e+00
8.000000000000000444e-01,-8.429659498207885404e-01
8.000000000000000444e-01,0.000000000000000000e+00
8.000000000000000444e-01,0.000000000000000000e+00
8.000000000000000444e-01,0.000000000000000000e+00
8.000000000000000444e-01,1.071428571428571397e+00
8.000000000000000444e-01,3.288547606468577023e-01
8.000000000000000444e-01,-7.740332828657805475e-01
8.000000000000000444e-01,0.000000000000000000e+00
8.000000000000000444e-01,0.000000000000000000e+00
8.000000000000000444e-01,0.000000000000000000e+00
8.000000000000000444e-01,-7.339901477832512233e-01
8.000000000000000444e-01,0.000000000000000000e+00
8.000000000000000444e-01,0.000000000000000000e+00
8.000000000000000444e-01,9.674873737373738125e-01
8.000000000000000444e-01,2.860886860886862060e-01
8.000000000000000444e-01,-7.787794729542302230e-01
8.000000000000000444e-01,1.157263157894736771e+00
8.000000000000000444e-01,3.028960466767841586e-01
8.000000000000000444e-01,2.647262593669706954e-01
8.000000000000000444e-01,-7.476605288710780339e-01
8.000000000000000444e-01,-7.772257862619308399e-01
8.000000000000000444e-01,-7.764705882352941346e-01
8.000000000000000444e-01,1.093220338983050821e+00
8.000000000000000444e-01,-7.769230769230769384e-01
8.000000000000000444e-01,1.067796610169491567e+00
8.000000000000000444e-01,2.485483423498404676e-01
8.000000000000000444e-01,2.333589743589743470e-01
8.000000000000000444e-01,-8.103642844906410181e-01
8.000000000000000444e-01,1.951219512195121464e-01
8.000000000000000444e-01,-7.234848484848485084e-01
8.000000000000000444e-01,0.000000000000000000e+00
8.000000000000000444e-01,1.000000000000000000e+00
8.000000000000000444e-01,-7.971649251980067463e-01
8.000000000000000444e-01,9.699999999999999734e-01
8.000000000000000444e-01,-7.595043368275304907e-01
8.000000000000000444e-01,-7.872270819998578029e-01
8.000000000000000444e-01,0.000000000000000000e+00
8.000000000000000444e-01,1.000000000000000000e+00
8.000000000000000444e-01,-8.177966101694915668e-01
8.000000000000000444e-01,1.035398230088495630e+00
8.000000000000000444e-01,1.975979387692483602e-01
8.000000000000000444e-01,-7.410850494191435489e-01
8.000000000000000444e-01,-8.249999999999999556e-01
8.000000000000000444e-01,0.000000000000000000e+00
8.000000000000000444e-01,1.024999999999999911e+00
8.000000000000000444e-01,2.088983050847457168e-01
8.000000000000000444e-01,1.291905167864246806e-01
8.000000000000000444e-01,2.055778273977078019e-01
8.000000000000000444e-01,1.388757845511187083e-01
8.000000000000000444e-01,1.597496326524491250e-01
8.000000000000000444e-01,-8.142989883995542799e-01
8.000000000000000444e-01,1.000000000000000000e+00
8.000000000000000444e-01,-7.894192515239222274e-01
8.000000000000000444e-01,-8.645614358596103166e-01
8.000000000000000444e-01,9.878048780487804770e-01
8.000000000000000444e-01,-8.173573549212935774e-01
8.000000000000000444e-01,-8.727272727272727959e-01
8.000000000000000444e-01,9.411764705882352811e-01
8.000000000000000444e-01,1.738562091503267348e-01
8.000000000000000444e-01,8.035714285714290472e-02
8.000000000000000444e-01,-9.219576719576719759e-01
8.000000000000000444e-01,0.000000000000000000e+00
8.000000000000000444e-01,0.000000000000000000e+00
8.000000000000000444e-01,9.814814814814815103e-01
8.000000000000000444e-01,1.883968772919185630e-01
8.000000000000000444e-01,1.736306808015745107e-01
8.000000000000000444e-01,-7.978157272888776186e-01
8.000000000000000444e-01,1.000000000000000000e+00
8.000000000000000444e-01,1.777452766490008607e-01
8.000000000000000444e-01,-7.392011892612931900e-01
8.000000000000000444e-01,-8.399485214542690148e-01
8.000000000000000444e-01,1.000000000000000000e+00
8.000000000000000444e-01,2.050549073696720237e-01
8.000000000000000444e-01,1.849909340530315749e-01
8.000000000000000444e-01,-8.284186751195093956e-01
8.000000000000000444e-01,1.396588946459412783e-01
8.000000000000000444e-01,-7.994719471947194789e-01
8.000000000000000444e-01,0.000000000000000000e+00
8.000000000000000444e-01,0.000000000000000000e+00
8.000000000000000444e-01,9.699999999999999734e-01
8.000000000000000444e-01,-8.004629629629629317e-01
8.000000000000000444e-01,0.000000000000000000e+00
8.000000000000000444e-01,9.814814814814815103e-01
8.000000000000000444e-01,-7.549668874172185129e-01
8.000000000000000444e-01,7.315436241610738799e-01
8.000000000000000444e-01,2.357029522694759072e-01
8.000000000000000444e-01,-8.439153439153439518e-01
8.000000000000000444e-01,1.000000000000000000e+00
8.000000000000000444e-01,-8.056373218077039766e-01
8.000000000000000444e-01,-8.312700172456269909e-01
8.000000000000000444e-01,1.000000000000000000e+00
8.000000000000000444e-01,2.312499999999999556e-01
8.000000000000000444e-01,-8.504672897196261516e-01
8.000000000000000444e-01,0.000000000000000000e+00
8.000000000000000444e-01,1.060000000000000053e+00
8.000000000000000444e-01,-7.851833123840872286e-01
8.000000000000000444e-01,0.000000000000000000e+00
8.000000000000000444e-01,1.000000000000000000e+00
8.000000000000000444e-01,2.613871224165341678e-01
8.000000000000000444e-01,-7.766649162333016942e-01
8.000000000000000444e-01,2.095171747256631134e-01
8.000000000000000444e-01,1.736024568274879831e-01
8.000000000000000444e-01,-7.728506787330317040e-01
8.000000000000000444e-01,9.696969696969697239e-01
8.000000000000000444e-01,-8.689306883363673295e-01
8.000000000000000444e-01,1.118182165653787141e-01
8.000000000000000444e-01,1.561403677937037715e-01
8.000000000000000444e-01,-8.562231749953549409e-01
8.000000000000000444e-01,7.111111111111111382e-01
8.000000000000000444e-01,1.000000000000000000e+00
8.000000000000000444e-01,1.154055983973243382e-01
8.000000000000000444e-01,-8.012585284020097287e-01
8.000000000000000444e-01,-8.814057758532509723e-01
8.000000000000000444e-01,0.000000000000000000e+00
8.000000000000000444e-01,0.000000000000000000e+00
8.000000000000000444e-01,-8.076923076923077094e-01
8.000000000000000444e-01,1.023255813953488413e+00
8.000000000000000444e-01,0.000000000000000000e+00
8.000000000000000444e-01,2.827543643096455117e-01
8.000000000000000444e-01,9.662921348314607028e-01
8.000000000000000444e-01,-7.766147983423596912e-01
8.000000000000000444e-01,-8.431388704064226580e-01
8.000000000000000444e-01,0.000000000000000000e+00
8.000000000000000444e-01,4.050567595459242387e-02
8.000000000000000444e-01,1.012987012987013102e+00
8.000000000000000444e-01,-9.094101123595506042e-01
8.000000000000000444e-01,1.000000000000000000e+00
8.000000000000000444e-01,-7.928005218439447832e-01
8.000000000000000444e-01,0.000000000000000000e+00
8.000000000000000444e-01,0.000000000000000000e+00
8.000000000000000444e-01,0.000000000000000000e+00
8.000000000000000444e-01,0.000000000000000000e+00
8.000000000000000444e-01,1.064850155499010409e+00
8.000000000000000444e-01,-7.720944241689798870e-01
8.000000000000000444e-01,-7.534844859671110395e-01
8.000000000000000444e-01,0.000000000000000000e+00
8.000000000000000444e-01,0.000000000000000000e+00
8.000000000000000444e-01,1.031914893617021267e+00
8.000000000000000444e-01,2.926205738705739412e-01
8.000000000000000444e-01,2.637633063998974237e-01
8.000000000000000444e-01,1.794532749065494981e-01
8.000000000000000444e-01,2.068112867095678320e-01
8.000000000000000444e-01,-7.841659148266090229e-01
8.000000000000000444e-01,1.755689113394384160e-01
8.000000000000000444e-01,-7.707801906997939767e-01
8.000000000000000444e-01,-7.840081267868801440e-01
8.000000000000000444e-01,0.000000000000000000e+00
8.000000000000000444e-01,1.060240963855421770e+00
8.000000000000000444e-01,0.000000000000000000e+00
8.000000000000000444e-01,-7.988826815642458001e-01
8.000000000000000444e-01,1.010000000000000009e+00
8.000000000000000444e-01,-8.299976995629170240e-01
8.000000000000000444e-01,0.000000000000000000e+00
8.000000000000000444e-01,1.066225165562913801e+00
8.000000000000000444e-01,2.154496365067942731e-01
8.000000000000000444e-01,-8.131708944635054337e-01
8.000000000000000444e-01,1.032608695652173836e+00
8.000000000000000444e-01,1.468692170492481575e-01
8.000000000000000444e-01,1.865997224241382479e-01
8.000000000000000444e-01,-8.449236192714453253e-01
8.000000000000000444e-01,1.767679254025251723e-01
8.000000000000000444e-01,-7.809377707956999259e-01
8.000000000000000444e-01,-7.779862141174418433e-01
8.000000000000000444e-01,9.375000000000000000e-01
8.000000000000000444e-01,2.085818616943687642e-01
8.000000000000000444e-01,-8.518518518518518601e-01
8.000000000000000444e-01,1.000000000000000000e+00
8.000000000000000444e-01,-8.318140662584672107e-01
8.000000000000000444e-01,1.000000000000000000e+00
8.000000000000000444e-01,2.046650860967699215e-01
8.000000000000000444e-01,-7.773131321596101762e-01
8.000000000000000444e-01,1.450159837256611572e-01
8.000000000000000444e-01,1.233244333194269959e-01
8.000000000000000444e-01,8.786552520200074934e-02
8.000000000000000444e-01,-8.022307039198579570e-01
8.000000000000000444e-01,9.542036910457962762e-01
8.000000000000000444e-01,-7.822029399410953543e-01
8.000000000000000444e-01,0.000000000000000000e+00
8.000000000000000444e-01,-8.256410256410255943e-01
8.000000000000000444e-01,1.000000000000000000e+00
8.000000000000000444e-01,1.000000000000000000e+00
8.000000000000000444e-01,-7.992009274793253626e-01
8.000000000000000444e-01,-8.132871215167166712e-01
8.000000000000000444e-01,1.000000000000000000e+00
8.000000000000000444e-01,1.250580308836835020e-01
8.000000000000000444e-01,1.037376467061558172e-01
8.000000000000000444e-01,2.054343284724371443e-01
8.000000000000000444e-01,-8.220697680174481325e-01
8.000000000000000444e-01,9.845132743362832173e-01
8.000000000000000444e-01,4.922138025543110196e-02
8.000000000000000444e-01,-8.540477890982608455e-01
8.000000000000000444e-01,6.543136779493730071e-02
8.000000000000000444e-01,1.215418316607039806e-01
8.000000000000000444e-01,8.870213866181608786e-02
8.000000000000000444e-01,1.513937934538910346e-01
8.000000000000000444e-01,-8.026752840841626657e-01
8.000000000000000444e-01,0.000000000000000000e+00
8.000000000000000444e-01,6.251908396946559421e-02
8.000000000000000444e-01,9.424460431654676507e-01
8.000000000000000444e-01,-8.193009674662651287e-01
8.000000000000000444e-01,-7.573117337860725273e-01
8.000000000000000444e-01,9.705882352941176405e-01
8.000000000000000444e-01,-7.274430997109826436e-01
8.000000000000000444e-01,0.000000000000000000e+00
8.000000000000000444e-01,8.351810790835181297e-01
8.000000000000000444e-01,1.055872882261771339e-01
8.000000000000000444e-01,4.316686676409675627e-02
8.000000000000000444e-01,-8.479291168182023775e-01
8.000000000000000444e-01,0.000000000000000000e+00
8.000000000000000444e-01,1.170634920634920917e-01
8.000000000000000444e-01,1.000000000000000000e+00
8.000000000000000444e-01,-7.805926701132334111e-01
8.000000000000000444e-01,1.000000000000000000e+00
8.000000000000000444e-01,-8.258691292135347251e-01
8.000000000000000444e-01,-9.142857142857142572e-01
8.000000000000000444e-01,8.965517241379310498e-01
8.000000000000000444e-01,1.103363412633305840e-01
8.000000000000000444e-01,-8.680968564146134270e-01
8.000000000000000444e-01,9.752066115702479054e-01
8.000000000000000444e-01,8.938655160247765963e-02
8.000000000000000444e-01,-8.599310886982118873e-01
8.000000000000000444e-01,0.000000000000000000e+00
8.000000000000000444e-01,9.764705882352940902e-01
8.000000000000000444e-01,-7.995073891625615881e-01
8.000000000000000444e-01,0.000000000000000000e+00
8.000000000000000444e-01,1.021276595744680771e+00
8.000000000000000444e-01,-7.888261189554598429e-01
8.000000000000000444e-01,9.825174825174824988e-01
8.000000000000000444e-01,-7.276057176891006506e-01
8.000000000000000444e-01,1.549295774647887480e-01
8.000000000000000444e-01,2.191459318775782483e-01
8.000000000000000444e-01,-8.205467190991183601e-01
8.000000000000000444e-01,1.734104046242774810e-01
8.000000000000000444e-01,2.040816326530612290e-01
8.000000000000000444e-01,-7.832251638106799696e-01
8.000000000000000444e-01,-1.323722149410222482e-01
8.000000000000000444e-01,1.000000000000000000e+00
8.000000000000000444e-01,-7.999392188437370876e-01
8.000000000000000444e-01,0.000000000000000000e+00
8.000000000000000444e-01,0.000000000000000000e+00
8.000000000000000444e-01,1.036585365853658569e+00
8.000000000000000444e-01,-7.710730619931589480e-01
8.000000000000000444e-01,0.000000000000000000e+00
8.000000000000000444e-01,1.000000000000000000e+00
8.000000000000000444e-01,2.201218586712985203e-01
8.000000000000000444e-01,-7.799974830223197486e-01
8.000000000000000444e-01,2.083333333333333703e-01
8.000000000000000444e-01,-8.181612318840579823e-01
8.000000000000000444e-01,8.869047619047618625e-01
8.000000000000000444e-01,2.121212121212121549e-01
8.000000000000000444e-01,-8.332807552395103956e-01
8.000000000000000444e-01,0.000000000000000000e+00
8.000000000000000444e-01,1.040000000000000036e+00
8.000000000000000444e-01,1.975225113742765659e-01
8.000000000000000444e-01,-7.223387331748239992e-01
8.000000000000000444e-01,-7.761276707992614821e-01
8.000000000000000444e-01,1.030612244897959107e+00
8.000000000000000444e-01,1.828973262651554244e-01
8.000000000000000444e-01,-8.636720796228392061e-01
8.000000000000000444e-01,2.859636871508379752e-01
8.000000000000000444e-01,9.452054794520547976e-01
8.000000000000000444e-01,-7.708112218164340224e-01
8.000000000000000444e-01,-8.524792694195436615e-01
8.000000000000000444e-01,6.813124570133910485e-02
8.000000000000000444e-01,-7.727272727272727071e-01
8.000000000000000444e-01,1.017441860465116310e+00
8.000000000000000444e-01,2.093023255813953876e-01
8.000000000000000444e-01,0.000000000000000000e+00
8.000000000000000444e-01,0.000000000000000000e+00
8.000000000000000444e-01,1.000000000000000000e+00
8.000000000000000444e-01,-7.424201791314879451e-01
8.000000000000000444e-01,-7.871826750363066783e-01
8.000000000000000444e-01,0.000000000000000000e+00
8.000000000000000444e-01,1.000000000000000000e+00
8.000000000000000444e-01,-8.026352288488211029e-01
8.000000000000000444e-01,1.064908417575818333e+00
8.000000000000000444e-01,-7.838243316966720942e-01
8.000000000000000444e-01,2.265939597315436149e-01
8.000000000000000444e-01,-7.777777777777777901e-01
8.000000000000000444e-01,0.000000000000000000e+00
8.000000000000000444e-01,1.060935143288084470e+00
8.000000000000000444e-01,2.524308867558727743e-01
8.000000000000000444e-01,-7.994202232523541785e-01
8.000000000000000444e-01,1.033898305084745672e+00
8.000000000000000444e-01,-7.804821414221485565e-01
8.000000000000000444e-01,-7.752305272527720836e-01
8.000000000000000444e-01,0.000000000000000000e+00
8.000000000000000444e-01,1.086419753086419693e+00
8.000000000000000444e-01,0.000000000000000000e+00
8.000000000000000444e-01,-7.787154377880184386e-01
8.000000000000000444e-01,1.032578397212543520e+00
8.000000000000000444e-01,-7.863749511909410295e-01
8.000000000000000444e-01,1.037653037653037735e+00
8.000000000000000444e-01,1.742064982591889910e-01
8.000000000000000444e-01,-8.198670936752737726e-01
8.000000000000000444e-01,1.379923782292540313e-01
8.000000000000000444e-01,-8.074898785425100867e-01
8.000000000000000444e-01,1.000000000000000000e+00
8.000000000000000444e-01,1.594843288738145848e-01
8.000000000000000444e-01,7.601554149453049192e-02
8.000000000000000444e-01,-8.103717757601792693e-01
8.000000000000000444e-01,-7.404398375122566156e-01
8.000000000000000444e-01,1.012195121951219523e+00
8.000000000000000444e-01,1.909671152230411062e-01
8.000000000000000444e-01,1.130610253397863474e-01
8.000000000000000444e-01,-8.673812371124380860e-01
8.000000000000000444e-01,-7.836104269293925340e-01
8.000000000000000444e-01,9.741838774150566316e-01
8.000000000000000444e-01,0.000000000000000000e+00
8.000000000000000444e-01,2.559523809523809312e-01
8.000000000000000444e-01,1.384103641456582157e-01
8.000000000000000444e-01,-8.836691086691086383e-01
8.000000000000000444e-01,0.000000000000000000e+00
8.000000000000000444e-01,4.190850959173642032e-02
8.000000000000000444e-01,1.000000000000000000e+00
8.000000000000000444e-01,-7.762328906542800278e-01
8.000000000000000444e-01,1.000000000000000000e+00
8.000000000000000444e-01,2.842632882500317759e-01
8.000000000000000444e-01,-7.075082439428568293e-01
8.000000000000000444e-01,-7.742847169480349123e-01
8.000000000000000444e-01,0.000000000000000000e+00
8.000000000000000444e-01,0.000000000000000000e+00
8.000000000000000444e-01,0.000000000000000000e+00
8.000000000000000444e-01,1.116279069767441845e+00
8.000000000000000444e-01,-7.800761585129727393e-01
8.000000000000000444e-01,1.029850746268656803e+00
8.000000000000000444e-01,-7.799114118944756591e-01
8.000000000000000444e-01,0.000000000000000000e+00
8.000000000000000444e-01,0.000000000000000000e+00
4.400000000000000022e-01,0.000000000000000000e+00
8.000000000000000444e-01,2.253521126760563709e-01
8.000000000000000444e-01,2.088481299226698784e-01
8.000000000000000444e-01,1.371872279253539828e-01
8.000000000000000444e-01,-8.231919865395376235e-01
8.000000000000000444e-01,2.155172413793103869e-01
8.000000000000000444e-01,0.000000000000000000e+00
8.000000000000000444e-01,-8.270676691729322849e-01
8.000000000000000444e-01,0.000000000000000000e+00
8.000000000000000444e-01,1.057189542483660150e+00
8.000000000000000444e-01,1.000000000000000000e+00
8.000000000000000444e-01,-7.938707629942716171e-01
8.000000000000000444e-01,-8.203572639143109635e-01
8.000000000000000444e-01,0.000000000000000000e+00
8.000000000000000444e-01,-8.000000000000000444e-01
8.000000000000000444e-01,0.000000000000000000e+00
8.000000000000000444e-01,1.043364197530864068e+00
8.000000000000000444e-01,1.038461538461538547e+00
8.000000000000000444e-01,-7.305854674677844107e-01
8.000000000000000444e-01,2.814636494944632306e-01
8.000000000000000444e-01,0.000000000000000000e+00
8.000000000000000444e-01,-7.761214610241453649e-01
8.000000000000000444e-01,0.000000000000000000e+00
8.000000000000000444e-01,1.063829787234042534e+00
8.000000000000000444e-01,-8.019476581326101527e-01
8.000000000000000444e-01,1.029126213592232997e+00
8.000000000000000444e-01,-8.375657391457596024e-01
8.000000000000000444e-01,-7.534186203601496157e-01
8.000000000000000444e-01,-3.229166666666671848e-02
8.000000000000000444e-01,1.040000000000000036e+00
8.000000000000000444e-01,-7.957746478873239937e-01
8.000000000000000444e-01,0.000000000000000000e+00
8.000000000000000444e-01,0.000000000000000000e+00
8.000000000000000444e-01,1.037805521364515648e+00
8.000000000000000444e-01,1.962764041046188845e-01
8.000000000000000444e-01,-7.498550820803874251e-01
8.000000000000000444e-01,-7.537313432835820448e-01
8.000000000000000444e-01,1.064705882352941169e+00
8.000000000000000444e-01,1.892857142857142794e-01
8.000000000000000444e-01,-8.030699518326382957e-01
8.000000000000000444e-01,2.797751880320688000e-01
8.000000000000000444e-01,2.546097707998766779e-01
8.000000000000000444e-01,0.000000000000000000e+00
8.000000000000000444e-01,-8.241804840861445269e-01
8.000000000000000444e-01,-4.545454545454519213e-03
8.000000000000000444e-01,-7.199999999999999734e-01
8.000000000000000444e-01,1.032258064516129004e+00
8.000000000000000444e-01,2.441531042796865059e-01
8.000000000000000444e-01,1.057142857142857162e+00
8.000000000000000444e-01,2.191764232661732592e-01
8.000000000000000444e-01,-7.046980132583846590e-01
8.000000000000000444e-01,-7.821742725555814735e-01
8.000000000000000444e-01,-7.555555555555555358e-01
8.000000000000000444e-01,0.000000000000000000e+00
8.000000000000000444e-01,0.000000000000000000e+00
8.000000000000000444e-01,1.090909090909090828e+00
8.000000000000000444e-01,0.000000000000000000e+00
8.000000000000000444e-01,2.578828828828829689e-01
8.000000000000000444e-01,2.641025641025640525e-01
8.000000000000000444e-01,-8.131777630361171072e-01
8.000000000000000444e-01,-7.534246575342465890e-01
8.000000000000000444e-01,1.066666666666666652e+00
8.000000000000000444e-01,-7.852459016393442681e-01
8.000000000000000444e-01,1.067415730337078594e+00
8.000000000000000444e-01,2.726066636514398178e-01
8.000000000000000444e-01,1.550028913561292132e-01
8.000000000000000444e-01,-7.590223690251585165e-01
8.000000000000000444e-01,2.297495068892742021e-01
8.000000000000000444e-01,2.382134821471580954e-01
8.000000000000000444e-01,2.381733434114386982e-01
8.000000000000000444e-01,-7.414621819768031363e-01
8.000000000000000444e-01,-7.873001268003859687e-01
8.000000000000000444e-01,9.733333333333333837e-01
8.000000000000000444e-01,-7.578947368421052877e-01
8.000000000000000444e-01,8.648648648648649129e-01
8.000000000000000444e-01,-8.003047166802985668e-01
8.000000000000000444e-01,2.589182968929804041e-01
8.000000000000000444e-01,1.043478260869565188e+00
8.000000000000000444e-01,-7.982086110405296475e-01
8.000000000000000444e-01,-7.878205128205129082e-01
8.000000000000000444e-01,0.000000000000000000e+00
8.000000000000000444e-01,1.009090909090909038e+00
8.000000000000000444e-01,2.133879781420764399e-01
8.000000000000000444e-01,-8.188057655881788577e-01
8.000000000000000444e-01,-7.218750000000000444e-01
8.000000000000000444e-01,1.058139534883721034e+00
8.000000000000000444e-01,1.803278688524589946e-01
8.000000000000000444e-01,-7.933023673958645716e-01
8.000000000000000444e-01,0.000000000000000000e+00
8.000000000000000444e-01,0.000000000000000000e+00
8.000000000000000444e-01,0.000000000000000000e+00
8.000000000000000444e-01,9.315222272114952462e-01
8.000000000000000444e-01,-7.631905648665424646e-01
8.000000000000000444e-01,3.450164293537787419e-01
8.000000000000000444e-01,1.025641025641025550e+00
8.000000000000000444e-01,-7.413154158658601389e-01
8.000000000000000444e-01,2.786016135228582824e-01
8.000000000000000444e-01,1.064334486122195944e-01
8.000000000000000444e-01,-7.886728779107040621e-01
8.000000000000000444e-01,1.031914893617021267e+00
8.000000000000000444e-01,-7.613484912162044038e-01
8.000000000000000444e-01,1.058823529411764719e+00
8.000000000000000444e-01,-7.553432837892638529e-01
8.000000000000000444e-01,-7.848734873487348551e-01
8.000000000000000444e-01,9.747217806041335031e-01
8.000000000000000444e-01,-8.243323324905182936e-01
8.000000000000000444e-01,-7.743902439024390461e-01
8.000000000000000444e-01,0.000000000000000000e+00
8.000000000000000444e-01,0.000000000000000000e+00
8.000000000000000444e-01,0.000000000000000000e+00
8.000000000000000444e-01,9.663221774920387475e-01
8.000000000000000444e-01,1.035714285714285809e+00
8.000000000000000444e-01,-7.483169324270234624e-01
8.000000000000000444e-01,1.033333333333333437e+00
8.000000000000000444e-01,-7.793112700142560412e-01
8.000000000000000444e-01,0.000000000000000000e+00
8.000000000000000444e-01,-7.512586239045310199e-01
8.000000000000000444e-01,1.000000000000000000e+00
8.000000000000000444e-01,-7.285596537667196060e-01
8.000000000000000444e-01,9.759036144578313587e-01
8.000000000000000444e-01,-7.712606837606837962e-01
8.000000000000000444e-01,-8.231343283582089887e-01
8.000000000000000444e-01,9.702970297029702706e-01
8.000000000000000444e-01,9.629629629629629095e-01
8.000000000000000444e-01,-8.275920097910656192e-01
8.000000000000000444e-01,2.106291099259571808e-02
8.000000000000000444e-01,1.460927887998153540e-01
8.000000000000000444e-01,1.341770251566350991e-01
8.000000000000000444e-01,-7.359488842352173155e-01
8.000000000000000444e-01,1.117654942154346909e-01
8.000000000000000444e-01,-7.967301543684642828e-01
8.000000000000000444e-01,0.000000000000000000e+00
8.000000000000000444e-01,0.000000000000000000e+00
8.000000000000000444e-01,3.186567164179104905e-01
8.000000000000000444e-01,-8.068181818181817677e-01
8.000000000000000444e-01,1.000000000000000000e+00
8.000000000000000444e-01,0.000000000000000000e+00
8.000000000000000444e-01,9.404761904761904656e-01
8.000000000000000444e-01,-8.670759785681971810e-01
8.000000000000000444e-01,1.127410770267912588e-01
8.000000000000000444e-01,-8.148148148148147696e-01
8.000000000000000444e-01,0.000000000000000000e+00
8.000000000000000444e-01,8.636363636363636465e-01
8.000000000000000444e-01,-9.322033898305084332e-01
8.000000000000000444e-01,0.000000000000000000e+00
8.000000000000000444e-01,1.030927835051546282e+00
8.000000000000000444e-01,-7.939993238674780685e-01
8.000000000000000444e-01,1.058823529411764719e+00
8.000000000000000444e-01,-7.878346843527388454e-01
8.000000000000000444e-01,0.000000000000000000e+00
8.000000000000000444e-01,0.000000000000000000e+00
8.000000000000000444e-01,0.000000000000000000e+00
8.000000000000000444e-01,0.000000000000000000e+00
8.000000000000000444e-01,0.000000000000000000e+00
8.000000000000000444e-01,-7.471264367816091712e-01
8.000000000000000444e-01,0.000000000000000000e+00
8.000000000000000444e-01,1.102040816326530503e+00
8.000000000000000444e-01,-7.788461538461538547e-01
8.000000000000000444e-01,1.071428571428571397e+00
8.000000000000000444e-01,3.559224694903087016e-01
8.000000000000000444e-01,-7.973693773249442840e-01
8.000000000000000444e-01,0.000000000000000000e+00
8.000000000000000444e-01,1.095328282828282873e+00
8.000000000000000444e-01,-7.134893500601527938e-01
8.000000000000000444e-01,3.314536340852130003e-01
8.000000000000000444e-01,2.482823622284094922e-01
8.000000000000000444e-01,-7.426784308000332624e-01
8.000000000000000444e-01,0.000000000000000000e+00
8.000000000000000444e-01,-7.750000000000000222e-01
8.000000000000000444e-01,1.017857142857142794e+00
8.000000000000000444e-01,-8.614308426073131741e-01
8.000000000000000444e-01,-7.730496453900709275e-01
8.000000000000000444e-01,1.065886699507389235e+00
8.000000000000000444e-01,1.067961165048543659e+00
8.000000000000000444e-01,1.146453318072170324e-01
8.000000000000000444e-01,-8.018486807780919046e-01
8.000000000000000444e-01,2.288557213930347833e-01
8.000000000000000444e-01,0.000000000000000000e+00
8.000000000000000444e-01,2.736395163621192506e-01
8.000000000000000444e-01,-7.526315789473684292e-01
8.000000000000000444e-01,-7.826086956521739468e-01
8.000000000000000444e-01,0.000000000000000000e+00
8.000000000000000444e-01,0.000000000000000000e+00
8.000000000000000444e-01,1.035294117647058920e+00
8.000000000000000444e-01,2.414239482200647435e-01
8.000000000000000444e-01,-8.486397218600608694e-01
8.000000000000000444e-01,1.064516129032258007e+00
8.000000000000000444e-01,2.881892697466468256e-01
8.000000000000000444e-01,-7.292321069411815682e-01
8.000000000000000444e-01,2.668793932667405944e-01
8.000000000000000444e-01,1.173786407766990170e-01
8.000000000000000444e-01,2.070529643769818406e-01
8.000000000000000444e-01,-7.435309966422106731e-01
8.000000000000000444e-01,-7.777440873256518117e-01
8.000000000000000444e-01,0.000000000000000000e+00
8.000000000000000444e-01,0.000000000000000000e+00
8.000000000000000444e-01,0.000000000000000000e+00
8.000000000000000444e-01,0.000000000000000000e+00
8.000000000000000444e-01,0.000000000000000000e+00
8.000000000000000444e-01,0.000000000000000000e+00
8.000000000000000444e-01,0.000000000000000000e+00
8.000000000000000444e-01,0.000000000000000000e+00
8.000000000000000444e-01,0.000000000000000000e+00
8.000000000000000444e-01,0.000000000000000000e+00
8.000000000000000444e-01,1.131578947368421018e+00
8.000000000000000444e-01,0.000000000000000000e+00
8.000000000000000444e-01,1.149999999999999911e+00
1.000000000000000056e-01,1.000000000000000000e+00
1.000000000000000056e-01,1.000000000000000000e+00
1.000000000000000056e-01,1.000000000000000000e+00
1.000000000000000056e-01,1.000000000000000000e+00
1.000000000000000056e-01,1.000000000000000000e+00
1.000000000000000056e-01,1.000000000000000000e+00
1.000000000000000056e-01,1.000000000000000000e+00
1.000000000000000056e-01,1.000000000000000000e+00
1.000000000000000056e-01,1.000000000000000000e+00
1.000000000000000056e-01,1.000000000000000000e+00
1.000000000000000056e-01,1.000000000000000000e+00
1.000000000000000056e-01,1.000000000000000000e+00
1.000000000000000056e-01,1.000000000000000000e+00
1.000000000000000056e-01,1.000000000000000000e+00
1.000000000000000056e-01,1.000000000000000000e+00
1.000000000000000056e-01,1.000000000000000000e+00
1.000000000000000056e-01,1.000000000000000000e+00
1.000000000000000056e-01,1.000000000000000000e+00
1.000000000000000056e-01,1.000000000000000000e+00
1.000000000000000056e-01,1.000000000000000000e+00
1.000000000000000056e-01,1.000000000000000000e+00
1.000000000000000056e-01,1.000000000000000000e+00
1.000000000000000056e-01,1.000000000000000000e+00
1.000000000000000056e-01,1.000000000000000000e+00
1.000000000000000056e-01,1.000000000000000000e+00
1.000000000000000056e-01,1.000000000000000000e+00
1.000000000000000056e-01,1.000000000000000000e+00
1.000000000000000056e-01,1.000000000000000000e+00
1.000000000000000056e-01,1.000000000000000000e+00
1.000000000000000056e-01,1.000000000000000000e+00
1.000000000000000056e-01,1.000000000000000000e+00
1.000000000000000056e-01,1.000000000000000000e+00
1.000000000000000056e-01,1.000000000000000000e+00
1.000000000000000056e-01,1.000000000000000000e+00
1.000000000000000056e-01,1.000000000000000000e+00
1.000000000000000056e-01,1.000000000000000000e+00
1.000000000000000056e-01,1.000000000000000000e+00
1.000000000000000056e-01,1.000000000000000000e+00
1.000000000000000056e-01,1.000000000000000000e+00
1.000000000000000056e-01,1.000000000000000000e+00
1.000000000000000056e-01,1.000000000000000000e+00
1.000000000000000056e-01,1.000000000000000000e+00
1.000000000000000056e-01,1.000000000000000000e+00
1.000000000000000056e-01,1.000000000000000000e+00
1.000000000000000056e-01,1.000000000000000000e+00
1.000000000000000056e-01,1.000000000000000000e+00
1.000000000000000056e-01,1.000000000000000000e+00
1.000000000000000056e-01,1.000000000000000000e+00
1.000000000000000056e-01,1.000000000000000000e+00
1.000000000000000056e-01,1.000000000000000000e+00
1.000000000000000056e-01,1.000000000000000000e+00
1.000000000000000056e-01,1.000000000000000000e+00
1.000000000000000056e-01,1.000000000000000000e+00
1.000000000000000056e-01,1.000000000000000000e+00
1.000000000000000056e-01,1.000000000000000000e+00
1.000000000000000056e-01,1.000000000000000000e+00
1.000000000000000056e-01,1.000000000000000000e+00
1.000000000000000056e-01,1.000000000000000000e+00
1.000000000000000056e-01,1.000000000000000000e+00
1.000000000000000056e-01,1.000000000000000000e+00
1.000000000000000056e-01,1.000000000000000000e+00
1.000000000000000056e-01,1.000000000000000000e+00
1.000000000000000056e-01,1.000000000000000000e+00
8.000000000000000444e-01,-1.947958669354838745e+00
8.000000000000000444e-01,0.000000000000000000e+00
8.000000000000000444e-01,6.363636363636363535e-01
8.000000000000000444e-01,6.916051984545135145e-01
8.000000000000000444e-01,0.000000000000000000e+00
8.000000000000000444e-01,-7.470545348498103255e-01
8.000000000000000444e-01,-6.623376623376623362e-01
8.000000000000000444e-01,7.265100959292594140e-01
8.000000000000000444e-01,8.282141921969101706e-01
8.000000000000000444e-01,0.000000000000000000e+00
4.400000000000000022e-01,0.000000000000000000e+00
8.000000000000000444e-01,0.000000000000000000e+00
4.400000000000000022e-01,0.000000000000000000e+00
8.000000000000000444e-01,9.464612989882251748e-01
8.000000000000000444e-01,8.776647716406752453e-01
8.000000000000000444e-01,8.375000000000000222e-01
8.000000000000000444e-01,1.682003535219369628e-01
8.000000000000000444e-01,-7.866000970207023268e-01
8.000000000000000444e-01,1.974281574498913949e-01
8.000000000000000444e-01,1.599985074619656444e-01
8.000000000000000444e-01,-8.847946287519747877e-01
8.000000000000000444e-01,1.083333333333333259e+00
8.000000000000000444e-01,1.064935064935064846e+00
8.000000000000000444e-01,1.382159314389036497e-01
8.000000000000000444e-01,1.273709384807681921e-01
8.000000000000000444e-01,9.101735229097496216e-02
8.000000000000000444e-01,1.690992885921787092e-01
8.000000000000000444e-01,1.460966978038625852e-01
8.000000000000000444e-01,5.682852914806191258e-03
8.000000000000000444e-01,-9.441675642837076277e-01
8.000000000000000444e-01,1.061977731285935755e-01
8.000000000000000444e-01,8.862521876136275623e-02
8.000000000000000444e-01,5.710325630870038971e-02
8.000000000000000444e-01,-8.962333878699159095e-01
8.000000000000000444e-01,4.119562052450265188e-02
8.000000000000000444e-01,-8.306737578460900995e-01
8.000000000000000444e-01,-5.801066217732886443e-02
8.000000000000000444e-01,0.000000000000000000e+00
8.000000000000000444e-01,-6.657186710003604180e-02
8.000000000000000444e-01,8.989898989898991166e-01
8.000000000000000444e-01,1.149127883877638645e-01
8.000000000000000444e-01,3.859486010768664599e-02
8.000000000000000444e-01,8.714993127646020188e-02
8.000000000000000444e-01,4.353166973770883352e-02
8.000000000000000444e-01,1.395241055251523754e-01
8.000000000000000444e-01,9.693205332711785083e-03
8.000000000000000444e-01,9.739305816218002398e-02
8.000000000000000444e-01,1.182316410282446828e-01
8.000000000000000444e-01,-8.748604451575587859e-01
8.000000000000000444e-01,1.540717663417651151e-01
8.000000000000000444e-01,1.077721477607060940e-01
8.000000000000000444e-01,1.238926021897732710e-01
8.000000000000000444e-01,2.071397029376664811e-01
8.000000000000000444e-01,1.097442137342924395e-01
8.000000000000000444e-01,7.927016441584344708e-02
8.000000000000000444e-01,9.158665468107241026e-02
8.000000000000000444e-01,7.164017783353737734e-03
8.000000000000000444e-01,5.988383484508419397e-02
8.000000000000000444e-01,7.661530897388779682e-02
8.000000000000000444e-01,9.130109826018806274e-03
8.000000000000000444e-01,-9.217925371547949220e-01
8.000000000000000444e-01,4.065804558060814866e-02
8.000000000000000444e-01,-5.405918671895704186e-02
8.000000000000000444e-01,1.783378872738283771e-01
8.000000000000000444e-01,1.286692858697435771e-01
8.000000000000000444e-01,9.122604439622172823e-02
8.000000000000000444e-01,-8.994306113976656691e-01
8.000000000000000444e-01,6.918524838370310182e-02
8.000000000000000444e-01,8.163265306122446940e-02
8.000000000000000444e-01,1.517249231143011912e-01
8.000000000000000444e-01,-1.000000000000000000e+00
8.000000000000000444e-01,1.036375661375661394e+00
8.000000000000000444e-01,1.222222222222222321e-01
8.000000000000000444e-01,4.953379953379943856e-02
8.000000000000000444e-01,1.165541183857958796e-01
8.000000000000000444e-01,1.960308229781914102e-01
8.000000000000000444e-01,2.066762534327072354e-01
8.000000000000000444e-01,1.997623228555432950e-01
8.000000000000000444e-01,1.909179999333499023e-01
8.000000000000000444e-01,2.935250784789942280e-01
8.000000000000000444e-01,2.727254292485019604e-01
8.000000000000000444e-01,-8.529170671124485237e-01
8.000000000000000444e-01,1.599667508995542553e-01
8.000000000000000444e-01,2.065457369968601853e-01
8.000000000000000444e-01,1.546233489209202228e-01
8.000000000000000444e-01,-9.038028058812621612e-01
8.000000000000000444e-01,1.805546751622092438e-01
8.000000000000000444e-01,-1.448114549190027134e-03
8.000000000000000444e-01,6.735164117212866230e-02
8.000000000000000444e-01,5.926465436853800561e-02
8.000000000000000444e-01,5.420176602986015446e-02
8.000000000000000444e-01,9.607617391212197600e-02
8.000000000000000444e-01,7.521412472562549745e-03
8.000000000000000444e-01,-3.602079831679372290e-02
8.000000000000000444e-01,9.491341562559318934e-02
8.000000000000000444e-01,-9.115911730545877001e-01
8.000000000000000444e-01,6.345706810648943375e-02
8.000000000000000444e-01,1.684053651266768092e-01
8.000000000000000444e-01,1.031064536957858602e-01
8.000000000000000444e-01,1.629847425475821066e-01
8.000000000000000444e-01,1.232311695913758109e-01
8.000000000000000444e-01,5.769951942518314336e-02
8.000000000000000444e-01,1.041220496012820185e-01
8.000000000000000444e-01,-2.938713585781893567e-02
8.000000000000000444e-01,6.534523484568477425e-02
8.000000000000000444e-01,6.278626167158762872e-02
8.000000000000000444e-01,-2.457811068434245794e-02
8.000000000000000444e-01,-1.088197840791693682e-02
8.000000000000000444e-01,2.571351630594254090e-02
8.000000000000000444e-01,6.491052913865369423e-02
8.000000000000000444e-01,1.305251808134996194e-01
8.000000000000000444e-01,1.016507820866068279e-01
8.000000000000000444e-01,8.498305097330960400e-03
8.000000000000000444e-01,-8.829202865353442675e-01
8.000000000000000444e-01,1.596975087652807712e-02
8.000000000000000444e-01,2.329154821753043336e-02
8.000000000000000444e-01,5.459327414697723313e-02
8.000000000000000444e-01,-1.952070687810447680e-02
8.000000000000000444e-01,-3.672971784504130977e-02
8.000000000000000444e-01,2.213590000090770449e-02
8.000000000000000444e-01,1.914230771105029927e-02
8.000000000000000444e-01,8.554116654603827197e-02
8.000000000000000444e-01,-1.346719105370786096e-02
8.000000000000000444e-01,-4.587840785071395366e-02
8.000000000000000444e-01,-5.641274713001964702e-02
8.000000000000000444e-01,-2.760638197463520793e-01
8.000000000000000444e-01,1.678286695988288058e-01
8.000000000000000444e-01,-8.393763265905461735e-01
8.000000000000000444e-01,9.218735274714917605e-02
8.000000000000000444e-01,6.173906241110538318e-02
8.000000000000000444e-01,6.080431729134327945e-02
8.000000000000000444e-01,1.035573122529644285e+00
8.000000000000000444e-01,1.317573397177165262e-01
8.000000000000000444e-01,4.249782138370183926e-02
8.000000000000000444e-01,5.734912808645520332e-02
8.000000000000000444e-01,5.962134749080516549e-02
8.000000000000000444e-01,7.442716118503900358e-02
8.000000000000000444e-01,4.619777121777746132e-03
8.000000000000000444e-01,3.700046265767698017e-03
8.000000000000000444e-01,1.889192014367691019e-02
8.000000000000000444e-01,9.702716554022949857e-02
8.000000000000000444e-01,9.365224870504551546e-02
8.000000000000000444e-01,-9.218832016109502758e-01
8.000000000000000444e-01,5.386652810172420924e-02
8.000000000000000444e-01,7.368139452604605122e-02
8.000000000000000444e-01,-8.716518976848794953e-01
8.000000000000000444e-01,-1.589708949320401965e-01
8.000000000000000444e-01,1.000000000000000000e+00
8.000000000000000444e-01,-9.416673635900248973e-01
8.000000000000000444e-01,4.409814323607419428e-02
8.000000000000000444e-01,2.608695652173909085e-02
8.000000000000000444e-01,1.047456382001836550e+00
8.000000000000000444e-01,1.837301621533581342e-01
8.000000000000000444e-01,1.335936038261786862e-02
8.000000000000000444e-01,4.545527200004939594e-02
8.000000000000000444e-01,-9.038865371762518919e-01
8.000000000000000444e-01,1.625882486714624875e-01
8.000000000000000444e-01,1.697737257025937474e-01
8.000000000000000444e-01,1.098047493390653662e-01
8.000000000000000444e-01,2.043503821281599242e-01
8.000000000000000444e-01,1.540276438110849133e-01
8.000000000000000444e-01,2.512224361993968813e-01
8.000000000000000444e-01,1.124904944658782213e-01
8.000000000000000444e-01,1.120642205646110723e-01
8.000000000000000444e-01,9.669833155362927979e-02
8.000000000000000444e-01,-8.845674445165989663e-01
8.000000000000000444e-01,-3.683269307438308271e-02
8.000000000000000444e-01,4.507825855634917112e-02
8.000000000000000444e-01,9.453681908334121697e-02
8.000000000000000444e-01,7.405848439541795614e-02
8.000000000000000444e-01,6.607691989865749349e-02
8.000000000000000444e-01,4.035209169445208577e-02
8.000000000000000444e-01,1.079676664953173049e-01
8.000000000000000444e-01,1.038392992958762084e-01
8.000000000000000444e-01,-8.644277360066834337e-01
8.000000000000000444e-01,2.147063312504488009e-01
8.000000000000000444e-01,1.135493550302023591e-01
8.000000000000000444e-01,1.221205512695171524e-01
8.000000000000000444e-01,1.109078095897010341e-01
8.000000000000000444e-01,2.359257593452712687e-02
8.000000000000000444e-01,5.951413414928563572e-02
8.000000000000000444e-01,2.324594517645717229e-02
8.000000000000000444e-01,-1.659177056789029603e-02
8.000000000000000444e-01,-5.147777249307217140e-02
8.000000000000000444e-01,1.617564663442150330e-02
8.000000000000000444e-01,7.487829219912367495e-02
8.000000000000000444e-01,8.161201215397539954e-03
8.000000000000000444e-01,-9.087744896743169543e-01
8.000000000000000444e-01,-9.094488877547209915e-01
8.000000000000000444e-01,9.888888888888889284e-01
8.000000000000000444e-01,-9.082794061667300856e-01
8.000000000000000444e-01,1.057851239669421517e+00
8.000000000000000444e-01,1.231773111694370870e-01
8.000000000000000444e-01,2.233284463992180058e-01
8.000000000000000444e-01,2.628966508581643824e-01
8.000000000000000444e-01,2.016906332699039961e-01
8.000000000000000444e-01,1.480255125044972475e-01
8.000000000000000444e-01,1.832968848749784163e-01
8.000000000000000444e-01,7.970360782717833548e-02
8.000000000000000444e-01,1.081982007547994673e-01
8.000000000000000444e-01,3.560326838443939046e-02
8.000000000000000444e-01,3.606441081968669859e-02
8.000000000000000444e-01,-3.302519080268806473e-02
8.000000000000000444e-01,4.007760622007960905e-02
8.000000000000000444e-01,-8.867333730529539659e-01
8.000000000000000444e-01,9.395825714527905603e-02
8.000000000000000444e-01,-8.906302491174092895e-01
8.000000000000000444e-01,4.472197697090085633e-02
8.000000000000000444e-01,-9.684873949579831942e-01
8.000000000000000444e-01,7.214668958691461409e-02
8.000000000000000444e-01,9.930555555555554692e-01
8.000000000000000444e-01,1.262832652247580789e-02
8.000000000000000444e-01,1.595698049865678092e-01
8.000000000000000444e-01,2.447419806539966602e-01
8.000000000000000444e-01,-8.945575550949526056e-01
8.000000000000000444e-01,7.372666877570388522e-02
8.000000000000000444e-01,1.069230769230769207e+00
8.000000000000000444e-01,2.449471458202734375e-01
8.000000000000000444e-01,1.629851840558073084e-01
8.000000000000000444e-01,3.188360411959086926e-01
8.000000000000000444e-01,2.264250063050595729e-01
8.000000000000000444e-01,-8.522748982623847835e-01
8.000000000000000444e-01,1.639145418864869086e-01
8.000000000000000444e-01,2.014501916942805781e-01
8.000000000000000444e-01,2.331856447645921371e-01
8.000000000000000444e-01,-5.865732245314614346e-03
8.000000000000000444e-01,-9.363015071348405050e-01
8.000000000000000444e-01,9.196986730458867054e-02
8.000000000000000444e-01,9.355530152122049081e-02
8.000000000000000444e-01,1.321989351227599307e-01
8.000000000000000444e-01,1.915381326778375914e-02
8.000000000000000444e-01,-2.533399190672058765e-02
8.000000000000000444e-01,6.323910863843151819e-02
8.000000000000000444e-01,-6.251326875647778003e-03
8.000000000000000444e-01,-9.083455309440332526e-01
8.000000000000000444e-01,3.033470099337891579e-01
8.000000000000000444e-01,1.553947855029585989e-01
8.000000000000000444e-01,1.836009546091713629e-01
8.000000000000000444e-01,-8.048595003026030037e-01
8.000000000000000444e-01,-9.373680506685433400e-01
8.000000000000000444e-01,1.022845865667647791e+00
8.000000000000000444e-01,1.574373067674339488e-01
8.000000000000000444e-01,1.489376876876876699e-01
8.000000000000000444e-01,-9.341408591408590922e-01
8.000000000000000444e-01,1.065217391304347672e+00
8.000000000000000444e-01,2.181703033533697322e-01
8.000000000000000444e-01,1.373471601168385625e-01
8.000000000000000444e-01,2.758457356517438619e-01
8.000000000000000444e-01,1.897342485445162596e-01
8.000000000000000444e-01,2.290158673664465239e-01
8.000000000000000444e-01,2.991444427770394432e-01
8.000000000000000444e-01,-8.357513370794963370e-01
8.000000000000000444e-01,2.175197508641969479e-01
8.000000000000000444e-01,1.837068628914126922e-01
8.000000000000000444e-01,1.887557539739809220e-01
8.000000000000000444e-01,1.756167733251827734e-01
8.000000000000000444e-01,1.758288585971510276e-01
8.000000000000000444e-01,8.854857541580596347e-02
8.000000000000000444e-01,-1.280880385564175938e-02
8.000000000000000444e-01,-1.004845514106660787e+00
8.000000000000000444e-01,-1.130217252503173953e-02
8.000000000000000444e-01,-2.024506317668706146e-02
8.000000000000000444e-01,5.521298495686410845e-02
8.000000000000000444e-01,-5.101391562306867300e-02
8.000000000000000444e-01,6.913684191785074429e-02
8.000000000000000444e-01,-1.047708295791600630e-01
8.000000000000000444e-01,-1.059965407864553288e+00
8.000000000000000444e-01,1.145049829530552232e-01
8.000000000000000444e-01,1.072221354203451993e-01
8.000000000000000444e-01,3.334480122324157136e-02
8.000000000000000444e-01,-9.443112924244999595e-01
8.000000000000000444e-01,1.032608695652173836e+00
8.000000000000000444e-01,1.051871657754010592e+00
8.000000000000000444e-01,-9.424579543434902229e-01
8.000000000000000444e-01,8.880332425686399134e-02
8.000000000000000444e-01,2.248463037936722086e-01
8.000000000000000444e-01,1.814313927097602752e-01
8.000000000000000444e-01,1.437541305922175328e-01
8.000000000000000444e-01,8.093957573656862525e-02
8.000000000000000444e-01,5.607030625366171694e-02
8.000000000000000444e-01,9.953934248207918500e-02
8.000000000000000444e-01,1.253998228594241926e-01
8.000000000000000444e-01,9.186392946082144739e-02
8.000000000000000444e-01,1.797776579262685415e-01
8.000000000000000444e-01,-8.461721748384525288e-01
8.000000000000000444e-01,1.367024357421144920e-01
8.000000000000000444e-01,2.072113533731374524e-01
8.000000000000000444e-01,6.521156957953178068e-02
8.000000000000000444e-01,3.040602689528304481e-02
8.000000000000000444e-01,-5.571948768920986783e-02
8.000000000000000444e-01,-1.296834740757790705e-02
8.000000000000000444e-01,-5.053789828683075136e-02
8.000000000000000444e-01,-3.169559054898596351e-02
8.000000000000000444e-01,-7.428576648180174047e-02
8.000000000000000444e-01,8.635299656648776079e-03
8.000000000000000444e-01,-2.050572434940078903e-02
8.000000000000000444e-01,-2.587585363971411923e-03
8.000000000000000444e-01,1.133803946521194650e-02
8.000000000000000444e-01,-1.001628396153442235e+00
8.000000000000000444e-01,-9.521580203343786852e-01
8.000000000000000444e-01,8.481481481481480955e-01
8.000000000000000444e-01,-9.099537037037036535e-01
8.000000000000000444e-01,9.240522875816994386e-01
8.000000000000000444e-01,1.618900943884679089e-01
8.000000000000000444e-01,1.123612361236124846e-01
8.000000000000000444e-01,1.060975609756097615e+00
8.000000000000000444e-01,1.735392667755588647e-01
8.000000000000000444e-01,2.529493780857676732e-01
8.000000000000000444e-01,1.712141752425521135e-01
