4.400000000000000022e-01,-9.629325794654390869e-01
4.400000000000000022e-01,-9.888148049414429153e-01
4.400000000000000022e-01,-1.000000000000000000e+00
4.400000000000000022e-01,-1.000000000000000000e+00
4.400000000000000022e-01,-1.000000000000000000e+00
-3.499999999999999778e-01,0.000000000000000000e+00
1.000000000000000056e-01,-1.000000000000000000e+00
1.000000000000000056e-01,-1.000000000000000000e+00
1.000000000000000056e-01,0.000000000000000000e+00
1.000000000000000056e-01,-1.000000000000000000e+00
1.000000000000000056e-01,-1.000000000000000000e+00
1.000000000000000056e-01,0.000000000000000000e+00
1.000000000000000056e-01,-1.000000000000000000e+00
1.000000000000000056e-01,-1.000000000000000000e+00
1.000000000000000056e-01,0.000000000000000000e+00
1.000000000000000056e-01,-1.000000000000000000e+00
1.000000000000000056e-01,-1.000000000000000000e+00
1.000000000000000056e-01,0.000000000000000000e+00
1.000000000000000056e-01,-1.000000000000000000e+00
1.000000000000000056e-01,-1.000000000000000000e+00
1.000000000000000056e-01,0.000000000000000000e+00
1.000000000000000056e-01,-1.000000000000000000e+00
1.000000000000000056e-01,-1.000000000000000000e+00
1.000000000000000056e-01,0.000000000000000000e+00
1.000000000000000056e-01,-1.000000000000000000e+00
1.000000000000000056e-01,-1.000000000000000000e+00
1.000000000000000056e-01,0.000000000000000000e+00
1.000000000000000056e-01,-1.000000000000000000e+00
1.000000000000000056e-01,-1.000000000000000000e+00
1.000000000000000056e-01,0.000000000000000000e+00
-1.000000000000000056e-01,0.000000000000000000e+00
-1.000000000000000056e-01,0.000000000000000000e+00
-1.000000000000000056e-01,0.000000000000000000e+00
-1.000000000000000056e-01,0.000000000000000000e+00
-1.000000000000000056e-01,0.000000000000000000e+00
-1.000000000000000056e-01,0.000000000000000000e+00
-1.000000000000000056e-01,0.000000000000000000e+00
-1.000000000000000056e-01,0.000000000000000000e+00
-1.000000000000000056e-01,0.000000000000000000e+00
-1.000000000000000056e-01,0.000000000000000000e+00
-1.000000000000000056e-01,0.000000000000000000e+00
-4.400000000000000022e-01,0.000000000000000000e+00
-4.400000000000000022e-01,0.000000000000000000e+00
-4.400000000000000022e-01,0.000000000000000000e+00
-4.400000000000000022e-01,0.000000000000000000e+00
-4.400000000000000022e-01,0.000000000000000000e+00
-4.400000000000000022e-01,0.000000000000000000e+00
-4.400000000000000022e-01,0.000000000000000000e+00
-4.400000000000000022e-01,0.000000000000000000e+00
4.400000000000000022e-01,1.000000000000000000e+00
4.400000000000000022e-01,1.000000000000000000e+00
4.400000000000000022e-01,1.000000000000000000e+00
4.400000000000000022e-01,1.000000000000000000e+00
4.400000000000000022e-01,1.000000000000000000e+00
4.400000000000000022e-01,1.000000000000000000e+00
4.400000000000000022e-01,1.000000000000000000e+00
4.400000000000000022e-01,1.000000000000000000e+00
4.400000000000000022e-01,1.000000000000000000e+00
8.000000000000000444e-01,6.299113791017915132e-01
8.000000000000000444e-01,6.644405634506197478e-01
8.000000000000000444e-01,-7.234665201892732656e-01
8.000000000000000444e-01,7.148940084508379478e-01
8.000000000000000444e-01,8.723404255319149314e-01
8.000000000000000444e-01,1.789657710710346183e-02
8.000000000000000444e-01,8.805558805511066733e-01
8.000000000000000444e-01,-1.117876974616565100e-01
8.000000000000000444e-01,-1.138515196811160646e-01
8.000000000000000444e-01,-9.951754385964911576e-01
8.000000000000000444e-01,9.400535467239954368e-01
8.000000000000000444e-01,-2.002032520325203180e-01
8.000000000000000444e-01,-2.909934118932785418e-01
8.000000000000000444e-01,6.592512323644398320e-01
8.000000000000000444e-01,6.636583755227820625e-02
8.000000000000000444e-01,2.464046739238988648e-01
8.000000000000000444e-01,-1.743278028973352933e-01
8.000000000000000444e-01,-1.073543314922620340e-02
8.000000000000000444e-01,3.036163581563700031e-02
8.000000000000000444e-01,0.000000000000000000e+00
3.499999999999999778e-01,1.000000000000000000e+00
1.000000000000000056e-01,1.804716031143767108e-01
1.000000000000000056e-01,-8.139348370927318443e-01
8.000000000000000444e-01,0.000000000000000000e+00
1.000000000000000056e-01,1.000000000000000000e+00
1.000000000000000056e-01,-7.065302144249511196e-01
1.000000000000000056e-01,-6.381802721088435382e-01
1.000000000000000056e-01,1.000000000000000000e+00
1.000000000000000056e-01,0.000000000000000000e+00
1.000000000000000056e-01,0.000000000000000000e+00
1.000000000000000056e-01,0.000000000000000000e+00
1.000000000000000056e-01,0.000000000000000000e+00
1.000000000000000056e-01,0.000000000000000000e+00
1.000000000000000056e-01,0.000000000000000000e+00
1.000000000000000056e-01,0.000000000000000000e+00
1.000000000000000056e-01,0.000000000000000000e+00
1.000000000000000056e-01,0.000000000000000000e+00
1.000000000000000056e-01,0.000000000000000000e+00
1.000000000000000056e-01,0.000000000000000000e+00
1.000000000000000056e-01,0.000000000000000000e+00
1.000000000000000056e-01,0.000000000000000000e+00
1.000000000000000056e-01,0.000000000000000000e+00
1.000000000000000056e-01,1.000000000000000000e+00
1.000000000000000056e-01,-6.980980012894906217e-01
1.000000000000000056e-01,-5.453333333333333366e-01
1.000000000000000056e-01,-6.132030486613250231e-01
1.000000000000000056e-01,-1.450163398692810579e-01
1.000000000000000056e-01,1.000000000000000000e+00
1.000000000000000056e-01,-5.194083694083694303e-01
1.000000000000000056e-01,-5.094643011309677449e-01
1.000000000000000056e-01,-2.835376972760873526e-01
1.000000000000000056e-01,1.000000000000000000e+00
1.000000000000000056e-01,-3.116494279002803292e-01
1.000000000000000056e-01,1.000000000000000000e+00
1.000000000000000056e-01,-5.131642512077294604e-01
1.000000000000000056e-01,-4.466666666666666563e-01
1.000000000000000056e-01,1.000000000000000000e+00
1.000000000000000056e-01,-2.989322377701582600e-01
1.000000000000000056e-01,0.000000000000000000e+00
1.000000000000000056e-01,0.000000000000000000e+00
1.000000000000000056e-01,0.000000000000000000e+00
1.000000000000000056e-01,0.000000000000000000e+00
1.000000000000000056e-01,0.000000000000000000e+00
1.000000000000000056e-01,0.000000000000000000e+00
1.000000000000000056e-01,0.000000000000000000e+00
1.000000000000000056e-01,0.000000000000000000e+00
1.000000000000000056e-01,0.000000000000000000e+00
1.000000000000000056e-01,0.000000000000000000e+00
1.000000000000000056e-01,0.000000000000000000e+00
1.000000000000000056e-01,0.000000000000000000e+00
1.000000000000000056e-01,0.000000000000000000e+00
1.000000000000000056e-01,0.000000000000000000e+00
1.000000000000000056e-01,0.000000000000000000e+00
1.000000000000000056e-01,0.000000000000000000e+00
1.000000000000000056e-01,0.000000000000000000e+00
1.000000000000000056e-01,0.000000000000000000e+00
1.000000000000000056e-01,0.000000000000000000e+00
1.000000000000000056e-01,0.000000000000000000e+00
1.000000000000000056e-01,0.000000000000000000e+00
1.000000000000000056e-01,0.000000000000000000e+00
1.000000000000000056e-01,0.000000000000000000e+00
1.000000000000000056e-01,0.000000000000000000e+00
1.000000000000000056e-01,0.000000000000000000e+00
1.000000000000000056e-01,0.000000000000000000e+00
1.000000000000000056e-01,0.000000000000000000e+00
1.000000000000000056e-01,0.000000000000000000e+00
1.000000000000000056e-01,0.000000000000000000e+00
1.000000000000000056e-01,0.000000000000000000e+00
1.000000000000000056e-01,0.000000000000000000e+00
1.000000000000000056e-01,0.000000000000000000e+00
1.000000000000000056e-01,0.000000000000000000e+00
1.000000000000000056e-01,0.000000000000000000e+00
1.000000000000000056e-01,0.000000000000000000e+00
1.000000000000000056e-01,0.000000000000000000e+00
1.000000000000000056e-01,0.000000000000000000e+00
1.000000000000000056e-01,0.000000000000000000e+00
1.000000000000000056e-01,0.000000000000000000e+00
1.000000000000000056e-01,0.000000000000000000e+00
1.000000000000000056e-01,0.000000000000000000e+00
1.000000000000000056e-01,0.000000000000000000e+00
1.000000000000000056e-01,0.000000000000000000e+00
1.000000000000000056e-01,0.000000000000000000e+00
1.000000000000000056e-01,0.000000000000000000e+00
1.000000000000000056e-01,0.000000000000000000e+00
1.000000000000000056e-01,0.000000000000000000e+00
1.000000000000000056e-01,-1.000000000000000000e+00
1.000000000000000056e-01,-1.000000000000000000e+00
1.000000000000000056e-01,0.000000000000000000e+00
1.000000000000000056e-01,-1.000000000000000000e+00
1.000000000000000056e-01,-1.000000000000000000e+00
1.000000000000000056e-01,0.000000000000000000e+00
1.000000000000000056e-01,-1.000000000000000000e+00
1.000000000000000056e-01,-1.000000000000000000e+00
1.000000000000000056e-01,0.000000000000000000e+00
1.000000000000000056e-01,-1.000000000000000000e+00
1.000000000000000056e-01,-1.000000000000000000e+00
1.000000000000000056e-01,0.000000000000000000e+00
1.000000000000000056e-01,-1.000000000000000000e+00
1.000000000000000056e-01,-1.000000000000000000e+00
1.000000000000000056e-01,0.000000000000000000e+00
1.000000000000000056e-01,-1.000000000000000000e+00
1.000000000000000056e-01,-1.000000000000000000e+00
1.000000000000000056e-01,0.000000000000000000e+00
1.000000000000000056e-01,-1.000000000000000000e+00
1.000000000000000056e-01,-1.000000000000000000e+00
1.000000000000000056e-01,0.000000000000000000e+00
1.000000000000000056e-01,-1.000000000000000000e+00
1.000000000000000056e-01,-1.000000000000000000e+00
1.000000000000000056e-01,0.000000000000000000e+00
1.000000000000000056e-01,-1.000000000000000000e+00
1.000000000000000056e-01,-1.000000000000000000e+00
1.000000000000000056e-01,0.000000000000000000e+00
1.000000000000000056e-01,-1.000000000000000000e+00
1.000000000000000056e-01,-1.000000000000000000e+00
1.000000000000000056e-01,0.000000000000000000e+00
1.000000000000000056e-01,-1.000000000000000000e+00
1.000000000000000056e-01,-1.000000000000000000e+00
1.000000000000000056e-01,0.000000000000000000e+00
1.000000000000000056e-01,-1.000000000000000000e+00
1.000000000000000056e-01,-1.000000000000000000e+00
1.000000000000000056e-01,0.000000000000000000e+00
1.000000000000000056e-01,-1.000000000000000000e+00
1.000000000000000056e-01,-1.000000000000000000e+00
1.000000000000000056e-01,0.000000000000000000e+00
1.000000000000000056e-01,-1.000000000000000000e+00
1.000000000000000056e-01,-1.000000000000000000e+00
1.000000000000000056e-01,0.000000000000000000e+00
1.000000000000000056e-01,-1.000000000000000000e+00
1.000000000000000056e-01,-1.000000000000000000e+00
1.000000000000000056e-01,0.000000000000000000e+00
1.000000000000000056e-01,-1.000000000000000000e+00
1.000000000000000056e-01,-1.000000000000000000e+00
1.000000000000000056e-01,0.000000000000000000e+00
1.000000000000000056e-01,-1.000000000000000000e+00
1.000000000000000056e-01,1.208962292509041525e-02
1.000000000000000056e-01,5.756720542396398521e-02
1.000000000000000056e-01,-9.259476449112390428e-01
1.000000000000000056e-01,6.684576706693645676e-04
1.000000000000000056e-01,4.927242350296034967e-02
1.000000000000000056e-01,-9.075875798542971662e-01
1.000000000000000056e-01,-1.000000000000000000e+00
1.000000000000000056e-01,8.181818181818182323e-01
1.000000000000000056e-01,-2.019828351583308201e-01
1.000000000000000056e-01,4.103537252221456377e-02
1.000000000000000056e-01,1.000000000000000000e+00
1.000000000000000056e-01,-8.419652485299802258e-01
1.000000000000000056e-01,-2.271637095195919720e-01
1.000000000000000056e-01,1.876488913322338359e-01
1.000000000000000056e-01,-1.412962113506578410e-01
1.000000000000000056e-01,-2.101095900127678551e-01
1.000000000000000056e-01,-2.687107962962251850e-01
1.000000000000000056e-01,-1.991053138587310922e-01
1.000000000000000056e-01,0.000000000000000000e+00
1.000000000000000056e-01,7.368956073024606201e-01
1.000000000000000056e-01,-5.100577259406324782e-02
1.000000000000000056e-01,-3.043478260869565410e-01
1.000000000000000056e-01,-1.789788331029997792e-01
1.000000000000000056e-01,-1.479627634400159097e-01
1.000000000000000056e-01,7.019087598733615430e-01
1.000000000000000056e-01,2.725507765830248452e-03
1.000000000000000056e-01,6.453411734298267755e-01
1.000000000000000056e-01,1.881031167966873419e-01
1.000000000000000056e-01,-1.827008693319476240e-02
1.000000000000000056e-01,-1.143346971962628800e-01
1.000000000000000056e-01,-1.380498866213153430e-01
1.000000000000000056e-01,6.677934789819905959e-02
1.000000000000000056e-01,2.272769552916134028e-01
1.000000000000000056e-01,-2.213821156267592460e-02
1.000000000000000056e-01,1.422310499058380140e-01
1.000000000000000056e-01,-6.983520293357547981e-02
1.000000000000000056e-01,6.922470826743853944e-02
1.000000000000000056e-01,1.185569557697059295e-01
1.000000000000000056e-01,8.359788359788367096e-02
1.000000000000000056e-01,-1.803624480095069593e-01
1.000000000000000056e-01,8.684939091915833131e-02
1.000000000000000056e-01,1.113426204182305090e-01
1.000000000000000056e-01,-1.134579129394632790e-01
1.000000000000000056e-01,1.609172924488944112e-01
1.000000000000000056e-01,1.175710594315244606e-01
1.000000000000000056e-01,0.000000000000000000e+00
1.000000000000000056e-01,0.000000000000000000e+00
1.000000000000000056e-01,0.000000000000000000e+00
1.000000000000000056e-01,0.000000000000000000e+00
1.000000000000000056e-01,1.115284908889560000e-01
1.000000000000000056e-01,0.000000000000000000e+00
1.000000000000000056e-01,0.000000000000000000e+00
1.000000000000000056e-01,0.000000000000000000e+00
1.000000000000000056e-01,0.000000000000000000e+00
1.000000000000000056e-01,-8.841333658219623359e-01
1.000000000000000056e-01,0.000000000000000000e+00
1.000000000000000056e-01,0.000000000000000000e+00
1.000000000000000056e-01,0.000000000000000000e+00
1.000000000000000056e-01,0.000000000000000000e+00
1.000000000000000056e-01,1.000000000000000000e+00
1.000000000000000056e-01,0.000000000000000000e+00
1.000000000000000056e-01,0.000000000000000000e+00
1.000000000000000056e-01,0.000000000000000000e+00
1.000000000000000056e-01,0.000000000000000000e+00
1.000000000000000056e-01,0.000000000000000000e+00
1.000000000000000056e-01,0.000000000000000000e+00
1.000000000000000056e-01,0.000000000000000000e+00
1.000000000000000056e-01,0.000000000000000000e+00
1.000000000000000056e-01,0.000000000000000000e+00
1.000000000000000056e-01,1.795632687857751930e-01
1.000000000000000056e-01,0.000000000000000000e+00
1.000000000000000056e-01,0.000000000000000000e+00
1.000000000000000056e-01,0.000000000000000000e+00
1.000000000000000056e-01,0.000000000000000000e+00
1.000000000000000056e-01,0.000000000000000000e+00
1.000000000000000056e-01,0.000000000000000000e+00
1.000000000000000056e-01,0.000000000000000000e+00
1.000000000000000056e-01,0.000000000000000000e+00
1.000000000000000056e-01,0.000000000000000000e+00
1.000000000000000056e-01,0.000000000000000000e+00
1.000000000000000056e-01,0.000000000000000000e+00
1.000000000000000056e-01,8.995037220843672687e-02
1.000000000000000056e-01,0.000000000000000000e+00
1.000000000000000056e-01,0.000000000000000000e+00
1.000000000000000056e-01,0.000000000000000000e+00
1.000000000000000056e-01,0.000000000000000000e+00
1.000000000000000056e-01,0.000000000000000000e+00
1.000000000000000056e-01,0.000000000000000000e+00
1.000000000000000056e-01,9.732181660147760927e-02
1.000000000000000056e-01,0.000000000000000000e+00
1.000000000000000056e-01,0.000000000000000000e+00
1.000000000000000056e-01,0.000000000000000000e+00
1.000000000000000056e-01,0.000000000000000000e+00
1.000000000000000056e-01,5.391545391545391613e-02
1.000000000000000056e-01,0.000000000000000000e+00
1.000000000000000056e-01,0.000000000000000000e+00
1.000000000000000056e-01,0.000000000000000000e+00
1.000000000000000056e-01,0.000000000000000000e+00
1.000000000000000056e-01,0.000000000000000000e+00
1.000000000000000056e-01,1.000000000000000000e+00
1.000000000000000056e-01,0.000000000000000000e+00
1.000000000000000056e-01,0.000000000000000000e+00
1.000000000000000056e-01,0.000000000000000000e+00
1.000000000000000056e-01,0.000000000000000000e+00
1.000000000000000056e-01,0.000000000000000000e+00
1.000000000000000056e-01,0.000000000000000000e+00
1.000000000000000056e-01,0.000000000000000000e+00
1.000000000000000056e-01,0.000000000000000000e+00
1.000000000000000056e-01,0.000000000000000000e+00
1.000000000000000056e-01,1.000000000000000000e+00
1.000000000000000056e-01,0.000000000000000000e+00
1.000000000000000056e-01,6.666666666666666574e-02
1.000000000000000056e-01,0.000000000000000000e+00
1.000000000000000056e-01,0.000000000000000000e+00
1.000000000000000056e-01,0.000000000000000000e+00
1.000000000000000056e-01,0.000000000000000000e+00
1.000000000000000056e-01,-9.912280701754386802e-01
1.000000000000000056e-01,1.000000000000000000e+00
3.499999999999999778e-01,1.000000000000000000e+00
4.400000000000000022e-01,0.000000000000000000e+00
4.400000000000000022e-01,0.000000000000000000e+00
8.000000000000000444e-01,1.000000000000000000e+00
3.499999999999999778e-01,1.000000000000000000e+00
3.499999999999999778e-01,1.000000000000000000e+00
3.499999999999999778e-01,1.000000000000000000e+00
3.499999999999999778e-01,1.000000000000000000e+00
3.499999999999999778e-01,1.000000000000000000e+00
3.499999999999999778e-01,1.000000000000000000e+00
3.499999999999999778e-01,1.000000000000000000e+00
3.499999999999999778e-01,1.000000000000000000e+00
3.499999999999999778e-01,1.000000000000000000e+00
3.499999999999999778e-01,1.000000000000000000e+00
3.499999999999999778e-01,1.000000000000000000e+00
3.499999999999999778e-01,1.000000000000000000e+00
3.499999999999999778e-01,1.000000000000000000e+00
3.499999999999999778e-01,1.000000000000000000e+00
3.499999999999999778e-01,1.000000000000000000e+00
3.499999999999999778e-01,1.000000000000000000e+00
3.499999999999999778e-01,1.000000000000000000e+00
3.499999999999999778e-01,1.000000000000000000e+00
3.499999999999999778e-01,1.000000000000000000e+00
3.499999999999999778e-01,1.000000000000000000e+00
3.499999999999999778e-01,1.000000000000000000e+00
3.499999999999999778e-01,1.000000000000000000e+00
4.400000000000000022e-01,0.000000000000000000e+00
4.400000000000000022e-01,-5.041053526301465526e-01
8.000000000000000444e-01,-1.000000000000000000e+00
4.400000000000000022e-01,0.000000000000000000e+00
8.000000000000000444e-01,-1.000000000000000000e+00
4.400000000000000022e-01,0.000000000000000000e+00
4.400000000000000022e-01,-2.072873724890525737e-01
4.400000000000000022e-01,0.000000000000000000e+00
4.400000000000000022e-01,0.000000000000000000e+00
4.400000000000000022e-01,0.000000000000000000e+00
1.000000000000000056e-01,-1.000000000000000000e+00
1.000000000000000056e-01,-1.000000000000000000e+00
1.000000000000000056e-01,0.000000000000000000e+00
1.000000000000000056e-01,-1.000000000000000000e+00
1.000000000000000056e-01,-1.000000000000000000e+00
1.000000000000000056e-01,0.000000000000000000e+00
1.000000000000000056e-01,-1.000000000000000000e+00
1.000000000000000056e-01,-1.000000000000000000e+00
1.000000000000000056e-01,0.000000000000000000e+00
1.000000000000000056e-01,-1.000000000000000000e+00
1.000000000000000056e-01,-1.000000000000000000e+00
1.000000000000000056e-01,0.000000000000000000e+00
1.000000000000000056e-01,-1.000000000000000000e+00
1.000000000000000056e-01,-1.000000000000000000e+00
1.000000000000000056e-01,0.000000000000000000e+00
1.000000000000000056e-01,-1.000000000000000000e+00
1.000000000000000056e-01,-1.000000000000000000e+00
1.000000000000000056e-01,0.000000000000000000e+00
1.000000000000000056e-01,-1.000000000000000000e+00
1.000000000000000056e-01,-1.000000000000000000e+00
1.000000000000000056e-01,0.000000000000000000e+00
1.000000000000000056e-01,-1.000000000000000000e+00
1.000000000000000056e-01,-1.000000000000000000e+00
1.000000000000000056e-01,0.000000000000000000e+00
4.400000000000000022e-01,-7.018034772963542833e-01
4.400000000000000022e-01,-6.962947741440519422e-01
4.400000000000000022e-01,-8.141898904396439596e-01
4.400000000000000022e-01,-8.643336919975989074e-01
4.400000000000000022e-01,-8.436805125881378098e-01
4.400000000000000022e-01,-8.953002996059001850e-01
4.400000000000000022e-01,-9.331721485845088093e-01
4.400000000000000022e-01,-9.812868343825769113e-01
8.000000000000000444e-01,-9.486337313403284677e-01
8.000000000000000444e-01,-1.000000000000000000e+00
8.000000000000000444e-01,3.493637001592642122e-02
8.000000000000000444e-01,-1.318603500724468969e-02
8.000000000000000444e-01,7.155541630176398549e-03
8.000000000000000444e-01,1.586957999208840064e-01
8.000000000000000444e-01,5.943362580419864205e-02
8.000000000000000444e-01,1.352127452109386230e-01
8.000000000000000444e-01,1.126372388473685371e-01
8.000000000000000444e-01,1.129180957468755020e-01
8.000000000000000444e-01,-9.187931171625677296e-01
8.000000000000000444e-01,-9.100225845323884899e-01
8.000000000000000444e-01,7.531046821543896375e-01
8.000000000000000444e-01,6.557377049180324047e-02
8.000000000000000444e-01,4.714172283263873275e-02
8.000000000000000444e-01,5.706958139674778163e-02
8.000000000000000444e-01,1.000000000000000000e+00
8.000000000000000444e-01,2.209057868805750502e-01
8.000000000000000444e-01,-8.662450726779995502e-01
8.000000000000000444e-01,-7.115491651205936297e-01
8.000000000000000444e-01,0.000000000000000000e+00
3.499999999999999778e-01,1.000000000000000000e+00
8.000000000000000444e-01,-5.466126679535783239e-01
8.000000000000000444e-01,8.982107143934447979e-02
4.400000000000000022e-01,-4.792580404766091373e-01
3.499999999999999778e-01,1.000000000000000000e+00
4.400000000000000022e-01,-1.726018877019483422e-01
4.400000000000000022e-01,0.000000000000000000e+00
4.400000000000000022e-01,0.000000000000000000e+00
4.400000000000000022e-01,0.000000000000000000e+00
4.400000000000000022e-01,0.000000000000000000e+00
4.400000000000000022e-01,0.000000000000000000e+00
4.400000000000000022e-01,0.000000000000000000e+00
4.400000000000000022e-01,0.000000000000000000e+00
4.400000000000000022e-01,0.000000000000000000e+00
4.400000000000000022e-01,0.000000000000000000e+00
4.400000000000000022e-01,0.000000000000000000e+00
1.000000000000000056e-01,-1.000000000000000000e+00
1.000000000000000056e-01,-1.000000000000000000e+00
1.000000000000000056e-01,0.000000000000000000e+00
1.000000000000000056e-01,-1.000000000000000000e+00
1.000000000000000056e-01,-1.000000000000000000e+00
1.000000000000000056e-01,0.000000000000000000e+00
1.000000000000000056e-01,-1.000000000000000000e+00
1.000000000000000056e-01,-1.000000000000000000e+00
1.000000000000000056e-01,0.000000000000000000e+00
1.000000000000000056e-01,-1.000000000000000000e+00
1.000000000000000056e-01,-1.000000000000000000e+00
1.000000000000000056e-01,0.000000000000000000e+00
1.000000000000000056e-01,-1.000000000000000000e+00
1.000000000000000056e-01,-1.000000000000000000e+00
1.000000000000000056e-01,0.000000000000000000e+00
1.000000000000000056e-01,-1.000000000000000000e+00
1.000000000000000056e-01,-1.000000000000000000e+00
1.000000000000000056e-01,0.000000000000000000e+00
1.000000000000000056e-01,-1.000000000000000000e+00
1.000000000000000056e-01,-1.000000000000000000e+00
1.000000000000000056e-01,0.000000000000000000e+00
1.000000000000000056e-01,-1.000000000000000000e+00
1.000000000000000056e-01,-1.000000000000000000e+00
1.000000000000000056e-01,0.000000000000000000e+00
1.000000000000000056e-01,-1.000000000000000000e+00
1.000000000000000056e-01,-1.000000000000000000e+00
1.000000000000000056e-01,0.000000000000000000e+00
1.000000000000000056e-01,-1.000000000000000000e+00
1.000000000000000056e-01,-1.000000000000000000e+00
1.000000000000000056e-01,0.000000000000000000e+00
1.000000000000000056e-01,-1.000000000000000000e+00
1.000000000000000056e-01,-1.000000000000000000e+00
1.000000000000000056e-01,0.000000000000000000e+00
1.000000000000000056e-01,-1.000000000000000000e+00
1.000000000000000056e-01,-1.000000000000000000e+00
1.000000000000000056e-01,0.000000000000000000e+00
1.000000000000000056e-01,-1.000000000000000000e+00
1.000000000000000056e-01,-1.000000000000000000e+00
1.000000000000000056e-01,0.000000000000000000e+00
1.000000000000000056e-01,-1.000000000000000000e+00
1.000000000000000056e-01,-1.000000000000000000e+00
1.000000000000000056e-01,0.000000000000000000e+00
1.000000000000000056e-01,-1.000000000000000000e+00
1.000000000000000056e-01,-1.000000000000000000e+00
1.000000000000000056e-01,0.000000000000000000e+00
1.000000000000000056e-01,-1.000000000000000000e+00
1.000000000000000056e-01,-1.000000000000000000e+00
1.000000000000000056e-01,0.000000000000000000e+00
8.000000000000000444e-01,8.863144171249304204e-02
8.000000000000000444e-01,-9.336837508674786790e-01
8.000000000000000444e-01,1.044095040044312750e-02
8.000000000000000444e-01,8.778665404137520056e-02
8.000000000000000444e-01,-2.861748454611690029e-02
8.000000000000000444e-01,-9.679661301985884592e-01
8.000000000000000444e-01,1.002687255096420538e-01
8.000000000000000444e-01,2.010561971939384129e-03
8.000000000000000444e-01,1.377220557181418892e-01
8.000000000000000444e-01,1.035865236206109374e-01
8.000000000000000444e-01,-8.555130521618790063e-01
8.000000000000000444e-01,-1.414926820606332569e-02
8.000000000000000444e-01,7.079913893486433629e-02
8.000000000000000444e-01,-9.692982456140351033e-01
8.000000000000000444e-01,6.212480804132280987e-03
8.000000000000000444e-01,8.744944325186178036e-01
8.000000000000000444e-01,8.682266009852201982e-02
8.000000000000000444e-01,1.000000000000000000e+00
8.000000000000000444e-01,1.936281032877734676e-01
8.000000000000000444e-01,1.632446913072521655e-01
8.000000000000000444e-01,6.737511836314757918e-02
8.000000000000000444e-01,1.394492466629182470e-01
8.000000000000000444e-01,9.899574694267354591e-02
8.000000000000000444e-01,-8.975966491063085417e-01
8.000000000000000444e-01,1.152576552676135568e-01
8.000000000000000444e-01,-8.321808644419480538e-01
8.000000000000000444e-01,1.661651864467214024e-01
8.000000000000000444e-01,-7.991647271920363504e-01
8.000000000000000444e-01,-1.032340529136253071e-01
8.000000000000000444e-01,7.564466350738862088e-01
8.000000000000000444e-01,-8.382709123906950666e-02
8.000000000000000444e-01,1.267968188592959455e-01
8.000000000000000444e-01,-7.806500036338037685e-02
8.000000000000000444e-01,0.000000000000000000e+00
4.400000000000000022e-01,0.000000000000000000e+00
4.400000000000000022e-01,0.000000000000000000e+00
4.400000000000000022e-01,0.000000000000000000e+00
4.400000000000000022e-01,0.000000000000000000e+00
4.400000000000000022e-01,0.000000000000000000e+00
4.400000000000000022e-01,0.000000000000000000e+00
3.499999999999999778e-01,1.000000000000000000e+00
8.000000000000000444e-01,-7.419354838709677491e-01
8.000000000000000444e-01,-7.142857142857143016e-01
8.000000000000000444e-01,1.000000000000000000e+00
3.499999999999999778e-01,1.000000000000000000e+00
4.400000000000000022e-01,-3.954741761059011873e-01
4.400000000000000022e-01,0.000000000000000000e+00
4.400000000000000022e-01,0.000000000000000000e+00
4.400000000000000022e-01,0.000000000000000000e+00
4.400000000000000022e-01,0.000000000000000000e+00
4.400000000000000022e-01,0.000000000000000000e+00
4.400000000000000022e-01,0.000000000000000000e+00
4.400000000000000022e-01,0.000000000000000000e+00
4.400000000000000022e-01,0.000000000000000000e+00
4.400000000000000022e-01,0.000000000000000000e+00
4.400000000000000022e-01,0.000000000000000000e+00
4.400000000000000022e-01,0.000000000000000000e+00
1.000000000000000056e-01,-1.000000000000000000e+00
1.000000000000000056e-01,-1.000000000000000000e+00
1.000000000000000056e-01,0.000000000000000000e+00
1.000000000000000056e-01,-1.000000000000000000e+00
1.000000000000000056e-01,-1.000000000000000000e+00
1.000000000000000056e-01,0.000000000000000000e+00
1.000000000000000056e-01,-1.000000000000000000e+00
1.000000000000000056e-01,-1.000000000000000000e+00
1.000000000000000056e-01,0.000000000000000000e+00
1.000000000000000056e-01,-1.000000000000000000e+00
1.000000000000000056e-01,-1.000000000000000000e+00
1.000000000000000056e-01,0.000000000000000000e+00
1.000000000000000056e-01,-1.000000000000000000e+00
1.000000000000000056e-01,-1.000000000000000000e+00
1.000000000000000056e-01,0.000000000000000000e+00
1.000000000000000056e-01,-1.000000000000000000e+00
1.000000000000000056e-01,-1.000000000000000000e+00
1.000000000000000056e-01,0.000000000000000000e+00
1.000000000000000056e-01,-1.000000000000000000e+00
1.000000000000000056e-01,-1.000000000000000000e+00
1.000000000000000056e-01,0.000000000000000000e+00
1.000000000000000056e-01,-1.000000000000000000e+00
1.000000000000000056e-01,-1.000000000000000000e+00
1.000000000000000056e-01,0.000000000000000000e+00
4.400000000000000022e-01,-1.870266479663394155e-01
1.000000000000000056e-01,-1.000000000000000000e+00
1.000000000000000056e-01,-1.000000000000000000e+00
1.000000000000000056e-01,0.000000000000000000e+00
1.000000000000000056e-01,-1.000000000000000000e+00
1.000000000000000056e-01,-1.000000000000000000e+00
1.000000000000000056e-01,0.000000000000000000e+00
1.000000000000000056e-01,-1.000000000000000000e+00
1.000000000000000056e-01,-1.000000000000000000e+00
1.000000000000000056e-01,0.000000000000000000e+00
1.000000000000000056e-01,-1.000000000000000000e+00
1.000000000000000056e-01,-1.000000000000000000e+00
1.000000000000000056e-01,0.000000000000000000e+00
1.000000000000000056e-01,-1.000000000000000000e+00
1.000000000000000056e-01,-1.000000000000000000e+00
1.000000000000000056e-01,0.000000000000000000e+00
1.000000000000000056e-01,-1.000000000000000000e+00
1.000000000000000056e-01,-1.000000000000000000e+00
1.000000000000000056e-01,0.000000000000000000e+00
1.000000000000000056e-01,-1.000000000000000000e+00
1.000000000000000056e-01,-1.000000000000000000e+00
1.000000000000000056e-01,0.000000000000000000e+00
1.000000000000000056e-01,-1.000000000000000000e+00
1.000000000000000056e-01,-1.000000000000000000e+00
1.000000000000000056e-01,0.000000000000000000e+00
4.400000000000000022e-01,-1.000000000000000000e+00
8.000000000000000444e-01,-1.000000000000000000e+00
8.000000000000000444e-01,-1.092567060676771229e-01
8.000000000000000444e-01,-1.361373720058032255e-01
8.000000000000000444e-01,-1.135061229849017028e-01
8.000000000000000444e-01,-9.340915560676099627e-02
8.000000000000000444e-01,-8.651121274697304298e-02
8.000000000000000444e-01,-6.624891316226566573e-03
8.000000000000000444e-01,9.886582084461958964e-02
8.000000000000000444e-01,-8.936553674516334311e-01
8.000000000000000444e-01,-1.862899082804613249e-01
8.000000000000000444e-01,-3.191806167097525071e-01
8.000000000000000444e-01,7.704075037162088080e-01
8.000000000000000444e-01,6.192065257693724067e-02
8.000000000000000444e-01,1.000000000000000000e+00
8.000000000000000444e-01,9.547940888835415585e-02
8.000000000000000444e-01,8.570372908993562078e-02
8.000000000000000444e-01,6.808417876196082297e-02
8.000000000000000444e-01,8.725935539150619924e-02
8.000000000000000444e-01,4.067211870940190543e-02
8.000000000000000444e-01,2.208237952216107747e-02
8.000000000000000444e-01,9.611124563386452824e-02
8.000000000000000444e-01,-2.622820541970583008e-02
8.000000000000000444e-01,3.797985041159035458e-02
8.000000000000000444e-01,6.929834034638648887e-03
8.000000000000000444e-01,1.835955031073337462e-01
8.000000000000000444e-01,-8.741043049822400102e-01
8.000000000000000444e-01,-9.205875241779497564e-01
8.000000000000000444e-01,-2.385496183206115006e-02
8.000000000000000444e-01,-3.207547169811321153e-01
8.000000000000000444e-01,7.712703533188848271e-01
8.000000000000000444e-01,6.217070979335137526e-02
8.000000000000000444e-01,1.593710373789646306e-01
8.000000000000000444e-01,2.943264531069066381e-01
8.000000000000000444e-01,1.368114556595959597e-01
8.000000000000000444e-01,1.428422524326413701e-01
8.000000000000000444e-01,1.584344515272904097e-01
8.000000000000000444e-01,-8.927027491659061953e-01
8.000000000000000444e-01,1.717389191882748856e-01
8.000000000000000444e-01,-7.795594384905860652e-01
8.000000000000000444e-01,7.647284012318407154e-01
8.000000000000000444e-01,1.799494053695385176e-01
8.000000000000000444e-01,-7.951788997711205509e-01
8.000000000000000444e-01,7.088741699531466711e-01
8.000000000000000444e-01,1.890845632600018922e-01
8.000000000000000444e-01,1.961867104015119212e-01
8.000000000000000444e-01,3.291876158787199191e-01
8.000000000000000444e-01,-8.226282056824043565e-01
8.000000000000000444e-01,0.000000000000000000e+00
4.400000000000000022e-01,0.000000000000000000e+00
4.400000000000000022e-01,0.000000000000000000e+00
4.400000000000000022e-01,0.000000000000000000e+00
4.400000000000000022e-01,0.000000000000000000e+00
4.400000000000000022e-01,0.000000000000000000e+00
4.400000000000000022e-01,0.000000000000000000e+00
4.400000000000000022e-01,0.000000000000000000e+00
4.400000000000000022e-01,0.000000000000000000e+00
4.400000000000000022e-01,0.000000000000000000e+00
3.499999999999999778e-01,1.000000000000000000e+00
8.000000000000000444e-01,-7.052069788694748098e-01
8.000000000000000444e-01,-5.168627450980393112e-01
8.000000000000000444e-01,1.000000000000000000e+00
4.400000000000000022e-01,0.000000000000000000e+00
4.400000000000000022e-01,0.000000000000000000e+00
4.400000000000000022e-01,0.000000000000000000e+00
4.400000000000000022e-01,0.000000000000000000e+00
4.400000000000000022e-01,0.000000000000000000e+00
4.400000000000000022e-01,0.000000000000000000e+00
4.400000000000000022e-01,0.000000000000000000e+00
4.400000000000000022e-01,0.000000000000000000e+00
4.400000000000000022e-01,0.000000000000000000e+00
4.400000000000000022e-01,0.000000000000000000e+00
4.400000000000000022e-01,0.000000000000000000e+00
4.400000000000000022e-01,0.000000000000000000e+00
1.000000000000000056e-01,-1.000000000000000000e+00
1.000000000000000056e-01,-1.000000000000000000e+00
1.000000000000000056e-01,0.000000000000000000e+00
1.000000000000000056e-01,-1.000000000000000000e+00
1.000000000000000056e-01,-1.000000000000000000e+00
1.000000000000000056e-01,0.000000000000000000e+00
1.000000000000000056e-01,-1.000000000000000000e+00
1.000000000000000056e-01,-1.000000000000000000e+00
1.000000000000000056e-01,0.000000000000000000e+00
1.000000000000000056e-01,-1.000000000000000000e+00
1.000000000000000056e-01,-1.000000000000000000e+00
1.000000000000000056e-01,0.000000000000000000e+00
1.000000000000000056e-01,-1.000000000000000000e+00
1.000000000000000056e-01,-1.000000000000000000e+00
1.000000000000000056e-01,0.000000000000000000e+00
1.000000000000000056e-01,-1.000000000000000000e+00
1.000000000000000056e-01,-1.000000000000000000e+00
1.000000000000000056e-01,0.000000000000000000e+00
1.000000000000000056e-01,-1.000000000000000000e+00
1.000000000000000056e-01,-1.000000000000000000e+00
1.000000000000000056e-01,0.000000000000000000e+00
1.000000000000000056e-01,-1.000000000000000000e+00
1.000000000000000056e-01,-1.000000000000000000e+00
1.000000000000000056e-01,0.000000000000000000e+00
1.000000000000000056e-01,-1.000000000000000000e+00
1.000000000000000056e-01,-1.000000000000000000e+00
1.000000000000000056e-01,0.000000000000000000e+00
1.000000000000000056e-01,-1.000000000000000000e+00
1.000000000000000056e-01,-1.000000000000000000e+00
1.000000000000000056e-01,0.000000000000000000e+00
1.000000000000000056e-01,-1.000000000000000000e+00
1.000000000000000056e-01,-1.000000000000000000e+00
1.000000000000000056e-01,0.000000000000000000e+00
1.000000000000000056e-01,-1.000000000000000000e+00
1.000000000000000056e-01,-1.000000000000000000e+00
1.000000000000000056e-01,0.000000000000000000e+00
1.000000000000000056e-01,-1.000000000000000000e+00
1.000000000000000056e-01,-1.000000000000000000e+00
1.000000000000000056e-01,0.000000000000000000e+00
1.000000000000000056e-01,-1.000000000000000000e+00
1.000000000000000056e-01,-1.000000000000000000e+00
1.000000000000000056e-01,0.000000000000000000e+00
1.000000000000000056e-01,-1.000000000000000000e+00
1.000000000000000056e-01,-1.000000000000000000e+00
1.000000000000000056e-01,0.000000000000000000e+00
1.000000000000000056e-01,-1.000000000000000000e+00
1.000000000000000056e-01,-1.000000000000000000e+00
1.000000000000000056e-01,0.000000000000000000e+00
8.000000000000000444e-01,-1.000000000000000000e+00
8.000000000000000444e-01,-9.637444692408638769e-01
8.000000000000000444e-01,-7.466651762927267733e-02
8.000000000000000444e-01,-4.825311500388240749e-02
8.000000000000000444e-01,-1.098755948923400005e-01
8.000000000000000444e-01,-1.210274829617133951e-01
8.000000000000000444e-01,-5.322545996250360734e-02
8.000000000000000444e-01,-1.757705348268134848e-02
8.000000000000000444e-01,0.000000000000000000e+00
4.400000000000000022e-01,0.000000000000000000e+00
8.000000000000000444e-01,1.705488667090537813e-02
8.000000000000000444e-01,8.788947981886863214e-02
8.000000000000000444e-01,3.256692287213303061e-02
8.000000000000000444e-01,1.264979838960700320e-02
8.000000000000000444e-01,1.162748759006307919e-01
8.000000000000000444e-01,-9.266555347682527977e-01
8.000000000000000444e-01,1.669330769672271453e-01
8.000000000000000444e-01,1.585755574084792840e-01
8.000000000000000444e-01,1.445338877202099193e-01
8.000000000000000444e-01,1.259770774338444532e-01
8.000000000000000444e-01,2.070356964106965236e-01
1.000000000000000056e-01,3.349081924669831123e-01
1.000000000000000056e-01,2.606702039488554279e-01
1.000000000000000056e-01,-9.980519480519478570e-02
1.000000000000000056e-01,1.617902689383504677e-01
1.000000000000000056e-01,-7.486428078291700317e-01
1.000000000000000056e-01,1.415869621466666617e-01
1.000000000000000056e-01,3.647342995169067237e-02
1.000000000000000056e-01,1.103218781520526326e-01
1.000000000000000056e-01,8.513299675323982019e-02
1.000000000000000056e-01,-8.159383919826718179e-01
1.000000000000000056e-01,2.993875392642552091e-01
1.000000000000000056e-01,-7.728353771832033869e-01
1.000000000000000056e-01,-4.767295597484276781e-01
1.000000000000000056e-01,1.000000000000000000e+00
1.000000000000000056e-01,0.000000000000000000e+00
1.000000000000000056e-01,0.000000000000000000e+00
1.000000000000000056e-01,0.000000000000000000e+00
1.000000000000000056e-01,0.000000000000000000e+00
1.000000000000000056e-01,0.000000000000000000e+00
1.000000000000000056e-01,0.000000000000000000e+00
1.000000000000000056e-01,0.000000000000000000e+00
1.000000000000000056e-01,0.000000000000000000e+00
1.000000000000000056e-01,0.000000000000000000e+00
1.000000000000000056e-01,0.000000000000000000e+00
1.000000000000000056e-01,1.000000000000000000e+00
1.000000000000000056e-01,-4.918807920665505540e-01
1.000000000000000056e-01,0.000000000000000000e+00
1.000000000000000056e-01,0.000000000000000000e+00
1.000000000000000056e-01,0.000000000000000000e+00
1.000000000000000056e-01,0.000000000000000000e+00
1.000000000000000056e-01,0.000000000000000000e+00
1.000000000000000056e-01,0.000000000000000000e+00
1.000000000000000056e-01,0.000000000000000000e+00
1.000000000000000056e-01,0.000000000000000000e+00
1.000000000000000056e-01,0.000000000000000000e+00
1.000000000000000056e-01,0.000000000000000000e+00
1.000000000000000056e-01,0.000000000000000000e+00
1.000000000000000056e-01,0.000000000000000000e+00
1.000000000000000056e-01,0.000000000000000000e+00
1.000000000000000056e-01,0.000000000000000000e+00
1.000000000000000056e-01,0.000000000000000000e+00
1.000000000000000056e-01,0.000000000000000000e+00
1.000000000000000056e-01,0.000000000000000000e+00
1.000000000000000056e-01,0.000000000000000000e+00
1.000000000000000056e-01,0.000000000000000000e+00
1.000000000000000056e-01,0.000000000000000000e+00
1.000000000000000056e-01,0.000000000000000000e+00
1.000000000000000056e-01,0.000000000000000000e+00
1.000000000000000056e-01,0.000000000000000000e+00
1.000000000000000056e-01,0.000000000000000000e+00
1.000000000000000056e-01,0.000000000000000000e+00
1.000000000000000056e-01,0.000000000000000000e+00
1.000000000000000056e-01,0.000000000000000000e+00
1.000000000000000056e-01,0.000000000000000000e+00
1.000000000000000056e-01,0.000000000000000000e+00
1.000000000000000056e-01,0.000000000000000000e+00
1.000000000000000056e-01,0.000000000000000000e+00
1.000000000000000056e-01,0.000000000000000000e+00
1.000000000000000056e-01,0.000000000000000000e+00
1.000000000000000056e-01,0.000000000000000000e+00
1.000000000000000056e-01,0.000000000000000000e+00
1.000000000000000056e-01,0.000000000000000000e+00
1.000000000000000056e-01,0.000000000000000000e+00
1.000000000000000056e-01,0.000000000000000000e+00
1.000000000000000056e-01,0.000000000000000000e+00
1.000000000000000056e-01,0.000000000000000000e+00
1.000000000000000056e-01,0.000000000000000000e+00
1.000000000000000056e-01,0.000000000000000000e+00
1.000000000000000056e-01,0.000000000000000000e+00
1.000000000000000056e-01,0.000000000000000000e+00
1.000000000000000056e-01,0.000000000000000000e+00
1.000000000000000056e-01,0.000000000000000000e+00
1.000000000000000056e-01,0.000000000000000000e+00
1.000000000000000056e-01,0.000000000000000000e+00
1.000000000000000056e-01,0.000000000000000000e+00
1.000000000000000056e-01,0.000000000000000000e+00
1.000000000000000056e-01,0.000000000000000000e+00
1.000000000000000056e-01,0.000000000000000000e+00
1.000000000000000056e-01,0.000000000000000000e+00
1.000000000000000056e-01,0.000000000000000000e+00
1.000000000000000056e-01,0.000000000000000000e+00
1.000000000000000056e-01,0.000000000000000000e+00
1.000000000000000056e-01,0.000000000000000000e+00
1.000000000000000056e-01,0.000000000000000000e+00
1.000000000000000056e-01,0.000000000000000000e+00
1.000000000000000056e-01,0.000000000000000000e+00
1.000000000000000056e-01,0.000000000000000000e+00
1.000000000000000056e-01,0.000000000000000000e+00
1.000000000000000056e-01,0.000000000000000000e+00
1.000000000000000056e-01,0.000000000000000000e+00
1.000000000000000056e-01,0.000000000000000000e+00
1.000000000000000056e-01,0.000000000000000000e+00
1.000000000000000056e-01,0.000000000000000000e+00
1.000000000000000056e-01,-1.000000000000000000e+00
1.000000000000000056e-01,-1.000000000000000000e+00
1.000000000000000056e-01,0.000000000000000000e+00
1.000000000000000056e-01,-1.000000000000000000e+00
1.000000000000000056e-01,-1.000000000000000000e+00
1.000000000000000056e-01,0.000000000000000000e+00
1.000000000000000056e-01,-1.000000000000000000e+00
1.000000000000000056e-01,-1.000000000000000000e+00
1.000000000000000056e-01,0.000000000000000000e+00
1.000000000000000056e-01,-1.000000000000000000e+00
1.000000000000000056e-01,-1.000000000000000000e+00
1.000000000000000056e-01,0.000000000000000000e+00
1.000000000000000056e-01,-1.000000000000000000e+00
1.000000000000000056e-01,-1.000000000000000000e+00
1.000000000000000056e-01,0.000000000000000000e+00
1.000000000000000056e-01,-1.000000000000000000e+00
1.000000000000000056e-01,-1.000000000000000000e+00
1.000000000000000056e-01,0.000000000000000000e+00
1.000000000000000056e-01,-1.000000000000000000e+00
1.000000000000000056e-01,-1.000000000000000000e+00
1.000000000000000056e-01,0.000000000000000000e+00
1.000000000000000056e-01,-1.000000000000000000e+00
1.000000000000000056e-01,-1.000000000000000000e+00
1.000000000000000056e-01,0.000000000000000000e+00
1.000000000000000056e-01,-1.000000000000000000e+00
1.000000000000000056e-01,-1.000000000000000000e+00
1.000000000000000056e-01,0.000000000000000000e+00
1.000000000000000056e-01,-1.000000000000000000e+00
1.000000000000000056e-01,-1.000000000000000000e+00
1.000000000000000056e-01,0.000000000000000000e+00
1.000000000000000056e-01,-1.000000000000000000e+00
1.000000000000000056e-01,-1.000000000000000000e+00
1.000000000000000056e-01,0.000000000000000000e+00
1.000000000000000056e-01,-1.000000000000000000e+00
1.000000000000000056e-01,-1.000000000000000000e+00
1.000000000000000056e-01,0.000000000000000000e+00
1.000000000000000056e-01,-1.000000000000000000e+00
1.000000000000000056e-01,-1.000000000000000000e+00
1.000000000000000056e-01,0.000000000000000000e+00
1.000000000000000056e-01,-1.000000000000000000e+00
1.000000000000000056e-01,-1.000000000000000000e+00
1.000000000000000056e-01,0.000000000000000000e+00
1.000000000000000056e-01,-1.000000000000000000e+00
1.000000000000000056e-01,-1.000000000000000000e+00
1.000000000000000056e-01,0.000000000000000000e+00
1.000000000000000056e-01,-1.000000000000000000e+00
1.000000000000000056e-01,-1.000000000000000000e+00
1.000000000000000056e-01,0.000000000000000000e+00
1.000000000000000056e-01,-8.632455926495528065e-01
1.000000000000000056e-01,1.422948678919486731e-01
1.000000000000000056e-01,1.329996085642455306e-01
1.000000000000000056e-01,-9.322289844597372310e-01
1.000000000000000056e-01,1.309709233232404513e-01
1.000000000000000056e-01,-9.041911653851952835e-01
1.000000000000000056e-01,-7.050039401103236347e-02
1.000000000000000056e-01,2.394736842105262831e-01
1.000000000000000056e-01,1.019898661203010315e-01
1.000000000000000056e-01,6.715194109772426589e-02
1.000000000000000056e-01,1.523637549852663309e-01
1.000000000000000056e-01,2.031945455947947732e-01
1.000000000000000056e-01,2.040816326530614511e-02
1.000000000000000056e-01,2.295783926218708526e-01
1.000000000000000056e-01,1.299348491886085366e-01
1.000000000000000056e-01,5.122149171162160286e-03
1.000000000000000056e-01,3.048478682553190655e-02
1.000000000000000056e-01,1.031512560618182972e-01
1.000000000000000056e-01,-8.387518591349657493e-01
1.000000000000000056e-01,-7.810129136400322247e-01
1.000000000000000056e-01,-3.495480811065829752e-01
1.000000000000000056e-01,9.438130763015304403e-01
1.000000000000000056e-01,-1.986892887330261592e-01
1.000000000000000056e-01,4.409884492643112441e-02
1.000000000000000056e-01,-1.368332120991695433e-01
1.000000000000000056e-01,-1.913202990715269225e-01
1.000000000000000056e-01,-2.318297750634176202e-01
1.000000000000000056e-01,9.521155377653646168e-01
1.000000000000000056e-01,1.931633861855295287e-01
1.000000000000000056e-01,1.540389641634836160e-01
1.000000000000000056e-01,2.136592431214856536e-01
1.000000000000000056e-01,8.029562403286338856e-03
1.000000000000000056e-01,5.443097168050203827e-02
1.000000000000000056e-01,1.563844095594685291e-01
1.000000000000000056e-01,-1.156667561675791545e-01
1.000000000000000056e-01,1.555101582739292221e-01
1.000000000000000056e-01,-1.385190188104442610e-01
1.000000000000000056e-01,7.767860130437787003e-02
1.000000000000000056e-01,2.996632996632997425e-02
1.000000000000000056e-01,6.453987444180930844e-02
1.000000000000000056e-01,-4.165302782324058484e-01
1.000000000000000056e-01,-1.476060706743798079e-01
1.000000000000000056e-01,0.000000000000000000e+00
1.000000000000000056e-01,0.000000000000000000e+00
1.000000000000000056e-01,0.000000000000000000e+00
1.000000000000000056e-01,0.000000000000000000e+00
1.000000000000000056e-01,-1.918136101317867714e-01
1.000000000000000056e-01,4.381075914971144236e-02
1.000000000000000056e-01,0.000000000000000000e+00
1.000000000000000056e-01,0.000000000000000000e+00
1.000000000000000056e-01,0.000000000000000000e+00
1.000000000000000056e-01,0.000000000000000000e+00
1.000000000000000056e-01,-8.628571428571427671e-01
1.000000000000000056e-01,1.000000000000000000e+00
1.000000000000000056e-01,0.000000000000000000e+00
1.000000000000000056e-01,0.000000000000000000e+00
1.000000000000000056e-01,0.000000000000000000e+00
1.000000000000000056e-01,0.000000000000000000e+00
1.000000000000000056e-01,0.000000000000000000e+00
1.000000000000000056e-01,0.000000000000000000e+00
1.000000000000000056e-01,0.000000000000000000e+00
1.000000000000000056e-01,0.000000000000000000e+00
1.000000000000000056e-01,0.000000000000000000e+00
1.000000000000000056e-01,0.000000000000000000e+00
1.000000000000000056e-01,0.000000000000000000e+00
1.000000000000000056e-01,0.000000000000000000e+00
1.000000000000000056e-01,0.000000000000000000e+00
1.000000000000000056e-01,1.000000000000000000e+00
1.000000000000000056e-01,7.692307692307692735e-02
1.000000000000000056e-01,0.000000000000000000e+00
1.000000000000000056e-01,9.968253968253967812e-02
1.000000000000000056e-01,0.000000000000000000e+00
1.000000000000000056e-01,0.000000000000000000e+00
1.000000000000000056e-01,0.000000000000000000e+00
1.000000000000000056e-01,0.000000000000000000e+00
1.000000000000000056e-01,0.000000000000000000e+00
1.000000000000000056e-01,0.000000000000000000e+00
1.000000000000000056e-01,0.000000000000000000e+00
1.000000000000000056e-01,0.000000000000000000e+00
1.000000000000000056e-01,0.000000000000000000e+00
1.000000000000000056e-01,0.000000000000000000e+00
1.000000000000000056e-01,0.000000000000000000e+00
1.000000000000000056e-01,0.000000000000000000e+00
1.000000000000000056e-01,0.000000000000000000e+00
1.000000000000000056e-01,0.000000000000000000e+00
1.000000000000000056e-01,0.000000000000000000e+00
1.000000000000000056e-01,0.000000000000000000e+00
1.000000000000000056e-01,0.000000000000000000e+00
1.000000000000000056e-01,0.000000000000000000e+00
1.000000000000000056e-01,0.000000000000000000e+00
1.000000000000000056e-01,0.000000000000000000e+00
1.000000000000000056e-01,0.000000000000000000e+00
1.000000000000000056e-01,0.000000000000000000e+00
1.000000000000000056e-01,0.000000000000000000e+00
1.000000000000000056e-01,0.000000000000000000e+00
1.000000000000000056e-01,0.000000000000000000e+00
1.000000000000000056e-01,0.000000000000000000e+00
1.000000000000000056e-01,0.000000000000000000e+00
1.000000000000000056e-01,0.000000000000000000e+00
1.000000000000000056e-01,0.000000000000000000e+00
1.000000000000000056e-01,0.000000000000000000e+00
1.000000000000000056e-01,0.000000000000000000e+00
1.000000000000000056e-01,0.000000000000000000e+00
1.000000000000000056e-01,0.000000000000000000e+00
1.000000000000000056e-01,1.000000000000000000e+00
1.000000000000000056e-01,0.000000000000000000e+00
1.000000000000000056e-01,0.000000000000000000e+00
4.400000000000000022e-01,0.000000000000000000e+00
8.000000000000000444e-01,0.000000000000000000e+00
3.499999999999999778e-01,1.000000000000000000e+00
3.499999999999999778e-01,1.000000000000000000e+00
4.400000000000000022e-01,0.000000000000000000e+00
3.499999999999999778e-01,1.000000000000000000e+00
3.499999999999999778e-01,1.000000000000000000e+00
3.499999999999999778e-01,1.000000000000000000e+00
3.499999999999999778e-01,1.000000000000000000e+00
4.400000000000000022e-01,0.000000000000000000e+00
3.499999999999999778e-01,1.000000000000000000e+00
3.499999999999999778e-01,1.000000000000000000e+00
3.499999999999999778e-01,1.000000000000000000e+00
3.499999999999999778e-01,1.000000000000000000e+00
3.499999999999999778e-01,1.000000000000000000e+00
3.499999999999999778e-01,1.000000000000000000e+00
3.499999999999999778e-01,1.000000000000000000e+00
3.499999999999999778e-01,1.000000000000000000e+00
3.499999999999999778e-01,1.000000000000000000e+00
3.499999999999999778e-01,1.000000000000000000e+00
4.400000000000000022e-01,0.000000000000000000e+00
3.499999999999999778e-01,1.000000000000000000e+00
3.499999999999999778e-01,1.000000000000000000e+00
3.499999999999999778e-01,1.000000000000000000e+00
3.499999999999999778e-01,1.000000000000000000e+00
3.499999999999999778e-01,1.000000000000000000e+00
3.499999999999999778e-01,1.000000000000000000e+00
3.499999999999999778e-01,1.000000000000000000e+00
4.400000000000000022e-01,0.000000000000000000e+00
4.400000000000000022e-01,-3.313318955085899908e-01
4.400000000000000022e-01,0.000000000000000000e+00
4.400000000000000022e-01,0.000000000000000000e+00
4.400000000000000022e-01,0.000000000000000000e+00
4.400000000000000022e-01,0.000000000000000000e+00
4.400000000000000022e-01,0.000000000000000000e+00
4.400000000000000022e-01,0.000000000000000000e+00
4.400000000000000022e-01,0.000000000000000000e+00
4.400000000000000022e-01,0.000000000000000000e+00
4.400000000000000022e-01,0.000000000000000000e+00
4.400000000000000022e-01,0.000000000000000000e+00
1.000000000000000056e-01,-1.000000000000000000e+00
1.000000000000000056e-01,-1.000000000000000000e+00
1.000000000000000056e-01,0.000000000000000000e+00
1.000000000000000056e-01,-1.000000000000000000e+00
1.000000000000000056e-01,-1.000000000000000000e+00
1.000000000000000056e-01,0.000000000000000000e+00
1.000000000000000056e-01,-1.000000000000000000e+00
1.000000000000000056e-01,-1.000000000000000000e+00
1.000000000000000056e-01,0.000000000000000000e+00
1.000000000000000056e-01,-1.000000000000000000e+00
1.000000000000000056e-01,-1.000000000000000000e+00
1.000000000000000056e-01,0.000000000000000000e+00
1.000000000000000056e-01,-1.000000000000000000e+00
1.000000000000000056e-01,-1.000000000000000000e+00
1.000000000000000056e-01,0.000000000000000000e+00
1.000000000000000056e-01,-1.000000000000000000e+00
1.000000000000000056e-01,-1.000000000000000000e+00
1.000000000000000056e-01,0.000000000000000000e+00
1.000000000000000056e-01,-1.000000000000000000e+00
1.000000000000000056e-01,-1.000000000000000000e+00
1.000000000000000056e-01,0.000000000000000000e+00
1.000000000000000056e-01,-1.000000000000000000e+00
1.000000000000000056e-01,-1.000000000000000000e+00
1.000000000000000056e-01,0.000000000000000000e+00
4.400000000000000022e-01,-6.837900903166831412e-01
4.400000000000000022e-01,-7.281615961916467761e-01
4.400000000000000022e-01,-7.951334253524009466e-01
4.400000000000000022e-01,-7.994743512628595949e-01
4.400000000000000022e-01,-8.176834334543986449e-01
4.400000000000000022e-01,-8.788675573299045141e-01
4.400000000000000022e-01,-9.750137114275053696e-01
4.400000000000000022e-01,-9.727449058180637209e-01
8.000000000000000444e-01,-9.671287183506923624e-01
8.000000000000000444e-01,-9.753576382675793743e-01
8.000000000000000444e-01,-1.955800540043935998e-01
8.000000000000000444e-01,-4.955284147927352389e-02
8.000000000000000444e-01,-4.618294993601568255e-02
8.000000000000000444e-01,5.635687203314554417e-02
8.000000000000000444e-01,-8.491009305695222942e-01
8.000000000000000444e-01,1.352381977666479163e-01
8.000000000000000444e-01,1.653581428882814341e-01
8.000000000000000444e-01,1.736205864012329014e-01
8.000000000000000444e-01,-8.182960104588165029e-01
8.000000000000000444e-01,-1.000000000000000000e+00
8.000000000000000444e-01,6.822033898305084332e-01
8.000000000000000444e-01,-1.378459259652903279e-01
8.000000000000000444e-01,9.132213732862797251e-01
8.000000000000000444e-01,8.652413596696432174e-01
8.000000000000000444e-01,2.034549431130134867e-01
8.000000000000000444e-01,2.073302805649444025e-01
8.000000000000000444e-01,1.239931390521334942e-01
8.000000000000000444e-01,-9.462718377378734891e-01
8.000000000000000444e-01,-7.583421145064980218e-01
8.000000000000000444e-01,1.000000000000000000e+00
4.400000000000000022e-01,0.000000000000000000e+00
4.400000000000000022e-01,0.000000000000000000e+00
4.400000000000000022e-01,0.000000000000000000e+00
3.499999999999999778e-01,1.000000000000000000e+00
4.400000000000000022e-01,-6.326230339928969881e-01
4.400000000000000022e-01,-5.531207999569914824e-01
4.400000000000000022e-01,-1.168239789075134205e-01
4.400000000000000022e-01,0.000000000000000000e+00
4.400000000000000022e-01,0.000000000000000000e+00
4.400000000000000022e-01,0.000000000000000000e+00
4.400000000000000022e-01,0.000000000000000000e+00
4.400000000000000022e-01,0.000000000000000000e+00
4.400000000000000022e-01,0.000000000000000000e+00
4.400000000000000022e-01,0.000000000000000000e+00
4.400000000000000022e-01,0.000000000000000000e+00
4.400000000000000022e-01,0.000000000000000000e+00
4.400000000000000022e-01,0.000000000000000000e+00
1.000000000000000056e-01,-1.000000000000000000e+00
1.000000000000000056e-01,-1.000000000000000000e+00
1.000000000000000056e-01,0.000000000000000000e+00
1.000000000000000056e-01,-1.000000000000000000e+00
1.000000000000000056e-01,-1.000000000000000000e+00
1.000000000000000056e-01,0.000000000000000000e+00
1.000000000000000056e-01,-1.000000000000000000e+00
1.000000000000000056e-01,-1.000000000000000000e+00
1.000000000000000056e-01,0.000000000000000000e+00
1.000000000000000056e-01,-1.000000000000000000e+00
1.000000000000000056e-01,-1.000000000000000000e+00
1.000000000000000056e-01,0.000000000000000000e+00
1.000000000000000056e-01,-1.000000000000000000e+00
1.000000000000000056e-01,-1.000000000000000000e+00
1.000000000000000056e-01,0.000000000000000000e+00
1.000000000000000056e-01,-1.000000000000000000e+00
1.000000000000000056e-01,-1.000000000000000000e+00
1.000000000000000056e-01,0.000000000000000000e+00
1.000000000000000056e-01,-1.000000000000000000e+00
1.000000000000000056e-01,-1.000000000000000000e+00
1.000000000000000056e-01,0.000000000000000000e+00
1.000000000000000056e-01,-1.000000000000000000e+00
1.000000000000000056e-01,-1.000000000000000000e+00
1.000000000000000056e-01,0.000000000000000000e+00
1.000000000000000056e-01,-1.000000000000000000e+00
1.000000000000000056e-01,-1.000000000000000000e+00
1.000000000000000056e-01,0.000000000000000000e+00
1.000000000000000056e-01,-1.000000000000000000e+00
1.000000000000000056e-01,-1.000000000000000000e+00
1.000000000000000056e-01,0.000000000000000000e+00
1.000000000000000056e-01,-1.000000000000000000e+00
1.000000000000000056e-01,-1.000000000000000000e+00
1.000000000000000056e-01,0.000000000000000000e+00
1.000000000000000056e-01,-1.000000000000000000e+00
1.000000000000000056e-01,-1.000000000000000000e+00
1.000000000000000056e-01,0.000000000000000000e+00
1.000000000000000056e-01,-1.000000000000000000e+00
1.000000000000000056e-01,-1.000000000000000000e+00
1.000000000000000056e-01,0.000000000000000000e+00
1.000000000000000056e-01,-1.000000000000000000e+00
1.000000000000000056e-01,-1.000000000000000000e+00
1.000000000000000056e-01,0.000000000000000000e+00
1.000000000000000056e-01,-1.000000000000000000e+00
1.000000000000000056e-01,-1.000000000000000000e+00
1.000000000000000056e-01,0.000000000000000000e+00
1.000000000000000056e-01,-1.000000000000000000e+00
1.000000000000000056e-01,-1.000000000000000000e+00
1.000000000000000056e-01,0.000000000000000000e+00
8.000000000000000444e-01,-1.000000000000000000e+00
8.000000000000000444e-01,-1.196356870678945139e-01
8.000000000000000444e-01,-2.197092845617772960e-01
8.000000000000000444e-01,-2.005303790944779063e-01
8.000000000000000444e-01,-2.258895773853599742e-01
8.000000000000000444e-01,-4.448125178708695060e-02
8.000000000000000444e-01,-3.882658101216784896e-02
8.000000000000000444e-01,-4.083197577828867608e-02
8.000000000000000444e-01,6.332701033290899506e-02
8.000000000000000444e-01,-8.477894854967953364e-01
8.000000000000000444e-01,-3.788915045061358455e-01
8.000000000000000444e-01,-2.235091868166120266e-01
8.000000000000000444e-01,6.519764622370826102e-01
8.000000000000000444e-01,-1.206280610774993489e-01
8.000000000000000444e-01,-1.354223250033976811e-01
8.000000000000000444e-01,-2.084676990208599312e-01
8.000000000000000444e-01,8.970981293413882174e-01
8.000000000000000444e-01,6.377799415774110248e-02
8.000000000000000444e-01,8.313228189826654679e-01
8.000000000000000444e-01,1.851608389332302096e-01
8.000000000000000444e-01,2.081172106533486499e-01
8.000000000000000444e-01,1.592359903701991986e-01
8.000000000000000444e-01,1.377020008460189127e-01
8.000000000000000444e-01,2.103924719256282660e-01
8.000000000000000444e-01,2.927744713459766723e-01
8.000000000000000444e-01,-8.454698203478812069e-01
8.000000000000000444e-01,1.692159625872767803e-01
8.000000000000000444e-01,2.046029208964350588e-01
8.000000000000000444e-01,-8.777018759986353613e-01
8.000000000000000444e-01,-8.386834083096017523e-01
8.000000000000000444e-01,7.017543859649122417e-01
8.000000000000000444e-01,-8.284938117007273339e-01
8.000000000000000444e-01,-9.736818560347981766e-02
8.000000000000000444e-01,0.000000000000000000e+00
4.400000000000000022e-01,0.000000000000000000e+00
4.400000000000000022e-01,0.000000000000000000e+00
4.400000000000000022e-01,0.000000000000000000e+00
3.499999999999999778e-01,1.000000000000000000e+00
8.000000000000000444e-01,-8.455160852219675283e-01
8.000000000000000444e-01,8.387092065869325985e-01
8.000000000000000444e-01,-4.609906015037593674e-01
3.499999999999999778e-01,1.000000000000000000e+00
4.400000000000000022e-01,-7.610294117647058432e-01
4.400000000000000022e-01,-3.793500254588104692e-01
3.499999999999999778e-01,1.000000000000000000e+00
4.400000000000000022e-01,-3.473863636363636598e-01
4.400000000000000022e-01,0.000000000000000000e+00
4.400000000000000022e-01,0.000000000000000000e+00
4.400000000000000022e-01,0.000000000000000000e+00
4.400000000000000022e-01,0.000000000000000000e+00
4.400000000000000022e-01,0.000000000000000000e+00
4.400000000000000022e-01,0.000000000000000000e+00
4.400000000000000022e-01,0.000000000000000000e+00
4.400000000000000022e-01,0.000000000000000000e+00
4.400000000000000022e-01,0.000000000000000000e+00
4.400000000000000022e-01,0.000000000000000000e+00
4.400000000000000022e-01,0.000000000000000000e+00
4.400000000000000022e-01,0.000000000000000000e+00
1.000000000000000056e-01,-1.000000000000000000e+00
1.000000000000000056e-01,-1.000000000000000000e+00
1.000000000000000056e-01,0.000000000000000000e+00
1.000000000000000056e-01,-1.000000000000000000e+00
1.000000000000000056e-01,-1.000000000000000000e+00
1.000000000000000056e-01,0.000000000000000000e+00
1.000000000000000056e-01,-1.000000000000000000e+00
1.000000000000000056e-01,-1.000000000000000000e+00
1.000000000000000056e-01,0.000000000000000000e+00
1.000000000000000056e-01,-1.000000000000000000e+00
1.000000000000000056e-01,-1.000000000000000000e+00
1.000000000000000056e-01,0.000000000000000000e+00
1.000000000000000056e-01,-1.000000000000000000e+00
1.000000000000000056e-01,-1.000000000000000000e+00
1.000000000000000056e-01,0.000000000000000000e+00
1.000000000000000056e-01,-1.000000000000000000e+00
1.000000000000000056e-01,-1.000000000000000000e+00
1.000000000000000056e-01,0.000000000000000000e+00
1.000000000000000056e-01,-1.000000000000000000e+00
1.000000000000000056e-01,-1.000000000000000000e+00
1.000000000000000056e-01,0.000000000000000000e+00
1.000000000000000056e-01,-1.000000000000000000e+00
1.000000000000000056e-01,-1.000000000000000000e+00
1.000000000000000056e-01,0.000000000000000000e+00
1.000000000000000056e-01,-1.000000000000000000e+00
1.000000000000000056e-01,-1.000000000000000000e+00
1.000000000000000056e-01,0.000000000000000000e+00
1.000000000000000056e-01,-1.000000000000000000e+00
1.000000000000000056e-01,-1.000000000000000000e+00
1.000000000000000056e-01,0.000000000000000000e+00
1.000000000000000056e-01,-1.000000000000000000e+00
1.000000000000000056e-01,-1.000000000000000000e+00
1.000000000000000056e-01,0.000000000000000000e+00
1.000000000000000056e-01,-1.000000000000000000e+00
1.000000000000000056e-01,-1.000000000000000000e+00
1.000000000000000056e-01,0.000000000000000000e+00
1.000000000000000056e-01,-1.000000000000000000e+00
1.000000000000000056e-01,-1.000000000000000000e+00
1.000000000000000056e-01,0.000000000000000000e+00
1.000000000000000056e-01,-1.000000000000000000e+00
1.000000000000000056e-01,-1.000000000000000000e+00
1.000000000000000056e-01,0.000000000000000000e+00
1.000000000000000056e-01,-1.000000000000000000e+00
1.000000000000000056e-01,-1.000000000000000000e+00
1.000000000000000056e-01,0.000000000000000000e+00
1.000000000000000056e-01,-1.000000000000000000e+00
1.000000000000000056e-01,-1.000000000000000000e+00
1.000000000000000056e-01,0.000000000000000000e+00
8.000000000000000444e-01,-1.000000000000000000e+00
8.000000000000000444e-01,-1.186748852336975135e-01
8.000000000000000444e-01,-1.751004199135268724e-01
8.000000000000000444e-01,-1.739982481392481350e-01
8.000000000000000444e-01,-1.736543266663534979e-01
8.000000000000000444e-01,-1.518505151452663737e-01
8.000000000000000444e-01,-5.950845819228911537e-02
8.000000000000000444e-01,-1.428020215604272058e-01
8.000000000000000444e-01,3.616321857629500869e-02
8.000000000000000444e-01,-9.454641097459948185e-02
8.000000000000000444e-01,4.731202333274853178e-02
8.000000000000000444e-01,-3.839722505383302842e-02
8.000000000000000444e-01,6.111861627164238975e-02
8.000000000000000444e-01,-1.811886549243013622e-02
8.000000000000000444e-01,3.828079950556451116e-02
8.000000000000000444e-01,-4.861424225054089554e-03
8.000000000000000444e-01,1.116784192672849452e-01
8.000000000000000444e-01,9.307218985408871603e-03
8.000000000000000444e-01,-5.523748204484957292e-02
8.000000000000000444e-01,7.956833915780447963e-02
8.000000000000000444e-01,1.041547207137353270e-01
8.000000000000000444e-01,-2.337608508498512094e-03
8.000000000000000444e-01,7.243032149273609388e-02
8.000000000000000444e-01,-7.960416119036809457e-01
8.000000000000000444e-01,7.919023720710027803e-02
8.000000000000000444e-01,1.703441724636961530e-01
8.000000000000000444e-01,-7.500746873302863715e-01
8.000000000000000444e-01,-1.329346574553827987e-01
8.000000000000000444e-01,8.029047875201721363e-01
8.000000000000000444e-01,1.842804516911659141e-01
8.000000000000000444e-01,2.052507445383860984e-01
8.000000000000000444e-01,1.943288223165114958e-01
8.000000000000000444e-01,1.952454194829867928e-01
8.000000000000000444e-01,1.658510464788780503e-01
8.000000000000000444e-01,1.351843748269296874e-01
8.000000000000000444e-01,1.560028207021698643e-01
8.000000000000000444e-01,1.129748027763392004e-01
8.000000000000000444e-01,3.978339117095219812e-02
8.000000000000000444e-01,1.420124962855060513e-01
8.000000000000000444e-01,-8.452735922467459195e-01
8.000000000000000444e-01,2.022491465108825492e-01
8.000000000000000444e-01,-8.390819646715752533e-01
8.000000000000000444e-01,1.567550219827258395e-01
8.000000000000000444e-01,-8.490425409930053569e-01
8.000000000000000444e-01,-1.055134200820584400e-02
8.000000000000000444e-01,-1.753431372549019152e-01
8.000000000000000444e-01,7.290640394088669929e-01
8.000000000000000444e-01,-1.853227819322590397e-01
8.000000000000000444e-01,9.700862351238291881e-01
8.000000000000000444e-01,3.241823332232796062e-01
8.000000000000000444e-01,3.018154623881550425e-01
8.000000000000000444e-01,3.132644417569071527e-01
8.000000000000000444e-01,-6.790783727384204216e-01
8.000000000000000444e-01,3.401247729605938463e-01
8.000000000000000444e-01,-6.703251571410484555e-01
4.400000000000000022e-01,-6.067098563093986652e-01
8.000000000000000444e-01,1.000000000000000000e+00
4.400000000000000022e-01,0.000000000000000000e+00
4.400000000000000022e-01,0.000000000000000000e+00
4.400000000000000022e-01,0.000000000000000000e+00
4.400000000000000022e-01,0.000000000000000000e+00
4.400000000000000022e-01,0.000000000000000000e+00
4.400000000000000022e-01,0.000000000000000000e+00
4.400000000000000022e-01,0.000000000000000000e+00
4.400000000000000022e-01,0.000000000000000000e+00
4.400000000000000022e-01,0.000000000000000000e+00
4.400000000000000022e-01,0.000000000000000000e+00
4.400000000000000022e-01,0.000000000000000000e+00
4.400000000000000022e-01,0.000000000000000000e+00
4.400000000000000022e-01,0.000000000000000000e+00
1.000000000000000056e-01,-1.000000000000000000e+00
1.000000000000000056e-01,-1.000000000000000000e+00
1.000000000000000056e-01,0.000000000000000000e+00
1.000000000000000056e-01,-1.000000000000000000e+00
1.000000000000000056e-01,-1.000000000000000000e+00
1.000000000000000056e-01,0.000000000000000000e+00
1.000000000000000056e-01,-1.000000000000000000e+00
1.000000000000000056e-01,-1.000000000000000000e+00
1.000000000000000056e-01,0.000000000000000000e+00
1.000000000000000056e-01,-1.000000000000000000e+00
1.000000000000000056e-01,-1.000000000000000000e+00
1.000000000000000056e-01,0.000000000000000000e+00
1.000000000000000056e-01,-1.000000000000000000e+00
1.000000000000000056e-01,-1.000000000000000000e+00
1.000000000000000056e-01,0.000000000000000000e+00
1.000000000000000056e-01,-1.000000000000000000e+00
1.000000000000000056e-01,-1.000000000000000000e+00
1.000000000000000056e-01,0.000000000000000000e+00
1.000000000000000056e-01,-1.000000000000000000e+00
1.000000000000000056e-01,-1.000000000000000000e+00
1.000000000000000056e-01,0.000000000000000000e+00
1.000000000000000056e-01,-1.000000000000000000e+00
1.000000000000000056e-01,-1.000000000000000000e+00
1.000000000000000056e-01,0.000000000000000000e+00
1.000000000000000056e-01,-1.000000000000000000e+00
1.000000000000000056e-01,-1.000000000000000000e+00
1.000000000000000056e-01,0.000000000000000000e+00
1.000000000000000056e-01,-1.000000000000000000e+00
1.000000000000000056e-01,-1.000000000000000000e+00
1.000000000000000056e-01,0.000000000000000000e+00
1.000000000000000056e-01,-1.000000000000000000e+00
1.000000000000000056e-01,-1.000000000000000000e+00
1.000000000000000056e-01,0.000000000000000000e+00
1.000000000000000056e-01,-1.000000000000000000e+00
1.000000000000000056e-01,-1.000000000000000000e+00
1.000000000000000056e-01,0.000000000000000000e+00
1.000000000000000056e-01,-1.000000000000000000e+00
1.000000000000000056e-01,-1.000000000000000000e+00
1.000000000000000056e-01,0.000000000000000000e+00
1.000000000000000056e-01,-1.000000000000000000e+00
1.000000000000000056e-01,-1.000000000000000000e+00
1.000000000000000056e-01,0.000000000000000000e+00
1.000000000000000056e-01,-1.000000000000000000e+00
1.000000000000000056e-01,-1.000000000000000000e+00
1.000000000000000056e-01,0.000000000000000000e+00
1.000000000000000056e-01,-1.000000000000000000e+00
1.000000000000000056e-01,-1.000000000000000000e+00
1.000000000000000056e-01,0.000000000000000000e+00
8.000000000000000444e-01,-1.000000000000000000e+00
8.000000000000000444e-01,-1.000000000000000000e+00
8.000000000000000444e-01,-8.079237626497282054e-02
8.000000000000000444e-01,-6.902867329798345608e-02
8.000000000000000444e-01,-1.058688620511645251e-01
8.000000000000000444e-01,-2.361659621203884285e-01
8.000000000000000444e-01,-9.513543198434065706e-01
8.000000000000000444e-01,-4.187942943452160893e-02
8.000000000000000444e-01,8.823529411764705621e-01
8.000000000000000444e-01,9.800119974222398778e-02
8.000000000000000444e-01,-8.010328701972351251e-01
8.000000000000000444e-01,-1.538461538461532996e-02
8.000000000000000444e-01,-3.199202378771821564e-01
8.000000000000000444e-01,6.557120500782472883e-01
8.000000000000000444e-01,-3.885365887330038959e-02
8.000000000000000444e-01,9.079593267882186680e-01
8.000000000000000444e-01,1.953045261091914675e-01
8.000000000000000444e-01,-9.122873950553859190e-01
8.000000000000000444e-01,6.872977346278308364e-02
8.000000000000000444e-01,2.205735971133507833e-01
8.000000000000000444e-01,1.714914160871044979e-01
1.000000000000000056e-01,-6.163438133874239444e-01
8.000000000000000444e-01,0.000000000000000000e+00
1.000000000000000056e-01,1.000000000000000000e+00
1.000000000000000056e-01,-5.812790771780000920e-01
1.000000000000000056e-01,-4.389683290785556524e-01
1.000000000000000056e-01,1.000000000000000000e+00
1.000000000000000056e-01,-5.610177692385223125e-01
1.000000000000000056e-01,-5.658730158730159721e-01
1.000000000000000056e-01,1.000000000000000000e+00
1.000000000000000056e-01,0.000000000000000000e+00
1.000000000000000056e-01,0.000000000000000000e+00
1.000000000000000056e-01,0.000000000000000000e+00
1.000000000000000056e-01,0.000000000000000000e+00
1.000000000000000056e-01,0.000000000000000000e+00
1.000000000000000056e-01,0.000000000000000000e+00
1.000000000000000056e-01,0.000000000000000000e+00
1.000000000000000056e-01,0.000000000000000000e+00
1.000000000000000056e-01,0.000000000000000000e+00
1.000000000000000056e-01,0.000000000000000000e+00
1.000000000000000056e-01,0.000000000000000000e+00
1.000000000000000056e-01,0.000000000000000000e+00
1.000000000000000056e-01,1.000000000000000000e+00
1.000000000000000056e-01,-6.583267740025717796e-01
1.000000000000000056e-01,-7.906157877497543840e-01
1.000000000000000056e-01,1.000000000000000000e+00
1.000000000000000056e-01,0.000000000000000000e+00
1.000000000000000056e-01,0.000000000000000000e+00
1.000000000000000056e-01,0.000000000000000000e+00
1.000000000000000056e-01,0.000000000000000000e+00
1.000000000000000056e-01,0.000000000000000000e+00
1.000000000000000056e-01,0.000000000000000000e+00
1.000000000000000056e-01,0.000000000000000000e+00
1.000000000000000056e-01,0.000000000000000000e+00
1.000000000000000056e-01,0.000000000000000000e+00
1.000000000000000056e-01,0.000000000000000000e+00
1.000000000000000056e-01,0.000000000000000000e+00
1.000000000000000056e-01,0.000000000000000000e+00
1.000000000000000056e-01,0.000000000000000000e+00
1.000000000000000056e-01,0.000000000000000000e+00
1.000000000000000056e-01,0.000000000000000000e+00
1.000000000000000056e-01,0.000000000000000000e+00
1.000000000000000056e-01,0.000000000000000000e+00
1.000000000000000056e-01,0.000000000000000000e+00
1.000000000000000056e-01,0.000000000000000000e+00
1.000000000000000056e-01,0.000000000000000000e+00
1.000000000000000056e-01,0.000000000000000000e+00
1.000000000000000056e-01,0.000000000000000000e+00
1.000000000000000056e-01,0.000000000000000000e+00
1.000000000000000056e-01,0.000000000000000000e+00
1.000000000000000056e-01,0.000000000000000000e+00
1.000000000000000056e-01,0.000000000000000000e+00
1.000000000000000056e-01,0.000000000000000000e+00
1.000000000000000056e-01,0.000000000000000000e+00
1.000000000000000056e-01,0.000000000000000000e+00
1.000000000000000056e-01,0.000000000000000000e+00
1.000000000000000056e-01,0.000000000000000000e+00
1.000000000000000056e-01,0.000000000000000000e+00
1.000000000000000056e-01,0.000000000000000000e+00
1.000000000000000056e-01,0.000000000000000000e+00
1.000000000000000056e-01,0.000000000000000000e+00
1.000000000000000056e-01,0.000000000000000000e+00
1.000000000000000056e-01,0.000000000000000000e+00
1.000000000000000056e-01,0.000000000000000000e+00
1.000000000000000056e-01,0.000000000000000000e+00
1.000000000000000056e-01,0.000000000000000000e+00
1.000000000000000056e-01,0.000000000000000000e+00
1.000000000000000056e-01,0.000000000000000000e+00
1.000000000000000056e-01,0.000000000000000000e+00
1.000000000000000056e-01,0.000000000000000000e+00
1.000000000000000056e-01,0.000000000000000000e+00
1.000000000000000056e-01,0.000000000000000000e+00
1.000000000000000056e-01,0.000000000000000000e+00
1.000000000000000056e-01,0.000000000000000000e+00
1.000000000000000056e-01,0.000000000000000000e+00
1.000000000000000056e-01,0.000000000000000000e+00
1.000000000000000056e-01,0.000000000000000000e+00
1.000000000000000056e-01,0.000000000000000000e+00
1.000000000000000056e-01,0.000000000000000000e+00
1.000000000000000056e-01,0.000000000000000000e+00
1.000000000000000056e-01,0.000000000000000000e+00
1.000000000000000056e-01,0.000000000000000000e+00
1.000000000000000056e-01,0.000000000000000000e+00
1.000000000000000056e-01,0.000000000000000000e+00
1.000000000000000056e-01,0.000000000000000000e+00
1.000000000000000056e-01,-1.000000000000000000e+00
1.000000000000000056e-01,-1.000000000000000000e+00
1.000000000000000056e-01,0.000000000000000000e+00
1.000000000000000056e-01,-1.000000000000000000e+00
1.000000000000000056e-01,-1.000000000000000000e+00
1.000000000000000056e-01,0.000000000000000000e+00
1.000000000000000056e-01,-1.000000000000000000e+00
1.000000000000000056e-01,-1.000000000000000000e+00
1.000000000000000056e-01,0.000000000000000000e+00
1.000000000000000056e-01,-1.000000000000000000e+00
1.000000000000000056e-01,-1.000000000000000000e+00
1.000000000000000056e-01,0.000000000000000000e+00
1.000000000000000056e-01,-1.000000000000000000e+00
1.000000000000000056e-01,-1.000000000000000000e+00
1.000000000000000056e-01,0.000000000000000000e+00
1.000000000000000056e-01,-1.000000000000000000e+00
1.000000000000000056e-01,-1.000000000000000000e+00
1.000000000000000056e-01,0.000000000000000000e+00
1.000000000000000056e-01,-1.000000000000000000e+00
1.000000000000000056e-01,-1.000000000000000000e+00
1.000000000000000056e-01,0.000000000000000000e+00
1.000000000000000056e-01,-1.000000000000000000e+00
1.000000000000000056e-01,-1.000000000000000000e+00
1.000000000000000056e-01,0.000000000000000000e+00
1.000000000000000056e-01,-3.419175022702082289e-01
1.000000000000000056e-01,-1.000000000000000000e+00
1.000000000000000056e-01,-1.000000000000000000e+00
1.000000000000000056e-01,0.000000000000000000e+00
1.000000000000000056e-01,-1.000000000000000000e+00
1.000000000000000056e-01,-1.000000000000000000e+00
1.000000000000000056e-01,0.000000000000000000e+00
1.000000000000000056e-01,-1.000000000000000000e+00
