1.000000000000000056e-01,1.000000000000000000e+00
1.000000000000000056e-01,1.000000000000000000e+00
1.000000000000000056e-01,1.000000000000000000e+00
1.000000000000000056e-01,1.000000000000000000e+00
1.000000000000000056e-01,1.000000000000000000e+00
1.000000000000000056e-01,1.000000000000000000e+00
1.000000000000000056e-01,1.000000000000000000e+00
1.000000000000000056e-01,1.000000000000000000e+00
1.000000000000000056e-01,1.000000000000000000e+00
1.000000000000000056e-01,1.000000000000000000e+00
1.000000000000000056e-01,1.000000000000000000e+00
1.000000000000000056e-01,1.000000000000000000e+00
4.400000000000000022e-01,-6.512191977308257052e-01
1.000000000000000056e-01,1.000000000000000000e+00
4.400000000000000022e-01,-6.291416566626649720e-01
1.000000000000000056e-01,-1.000000000000000000e+00
1.000000000000000056e-01,-1.000000000000000000e+00
1.000000000000000056e-01,0.000000000000000000e+00
1.000000000000000056e-01,-1.000000000000000000e+00
1.000000000000000056e-01,-1.000000000000000000e+00
1.000000000000000056e-01,0.000000000000000000e+00
1.000000000000000056e-01,-1.000000000000000000e+00
1.000000000000000056e-01,-1.000000000000000000e+00
1.000000000000000056e-01,0.000000000000000000e+00
1.000000000000000056e-01,-1.000000000000000000e+00
1.000000000000000056e-01,-1.000000000000000000e+00
1.000000000000000056e-01,0.000000000000000000e+00
1.000000000000000056e-01,-1.000000000000000000e+00
1.000000000000000056e-01,-1.000000000000000000e+00
1.000000000000000056e-01,0.000000000000000000e+00
1.000000000000000056e-01,-1.000000000000000000e+00
1.000000000000000056e-01,-1.000000000000000000e+00
1.000000000000000056e-01,0.000000000000000000e+00
1.000000000000000056e-01,-1.000000000000000000e+00
1.000000000000000056e-01,-1.000000000000000000e+00
1.000000000000000056e-01,0.000000000000000000e+00
1.000000000000000056e-01,-1.000000000000000000e+00
1.000000000000000056e-01,-1.000000000000000000e+00
1.000000000000000056e-01,0.000000000000000000e+00
1.000000000000000056e-01,-1.000000000000000000e+00
1.000000000000000056e-01,-1.000000000000000000e+00
1.000000000000000056e-01,0.000000000000000000e+00
1.000000000000000056e-01,-1.000000000000000000e+00
1.000000000000000056e-01,-1.000000000000000000e+00
1.000000000000000056e-01,0.000000000000000000e+00
1.000000000000000056e-01,-1.000000000000000000e+00
1.000000000000000056e-01,-1.000000000000000000e+00
1.000000000000000056e-01,0.000000000000000000e+00
1.000000000000000056e-01,-1.000000000000000000e+00
1.000000000000000056e-01,-1.000000000000000000e+00
1.000000000000000056e-01,0.000000000000000000e+00
1.000000000000000056e-01,-1.000000000000000000e+00
1.000000000000000056e-01,-1.000000000000000000e+00
1.000000000000000056e-01,0.000000000000000000e+00
1.000000000000000056e-01,-1.000000000000000000e+00
1.000000000000000056e-01,-1.000000000000000000e+00
1.000000000000000056e-01,0.000000000000000000e+00
1.000000000000000056e-01,-1.000000000000000000e+00
1.000000000000000056e-01,-1.000000000000000000e+00
1.000000000000000056e-01,0.000000000000000000e+00
1.000000000000000056e-01,-1.000000000000000000e+00
1.000000000000000056e-01,-1.000000000000000000e+00
1.000000000000000056e-01,0.000000000000000000e+00
1.000000000000000056e-01,-1.000000000000000000e+00
1.000000000000000056e-01,-1.000000000000000000e+00
1.000000000000000056e-01,0.000000000000000000e+00
1.000000000000000056e-01,-1.000000000000000000e+00
1.000000000000000056e-01,-1.000000000000000000e+00
1.000000000000000056e-01,0.000000000000000000e+00
1.000000000000000056e-01,-1.000000000000000000e+00
1.000000000000000056e-01,-1.000000000000000000e+00
1.000000000000000056e-01,0.000000000000000000e+00
1.000000000000000056e-01,-1.000000000000000000e+00
1.000000000000000056e-01,-1.000000000000000000e+00
1.000000000000000056e-01,0.000000000000000000e+00
4.400000000000000022e-01,1.000000000000000000e+00
4.400000000000000022e-01,1.000000000000000000e+00
4.400000000000000022e-01,-1.000000000000000000e+00
8.000000000000000444e-01,9.454545454545454364e-01
8.000000000000000444e-01,8.086080586080586219e-01
8.000000000000000444e-01,7.261146496815286122e-01
4.400000000000000022e-01,0.000000000000000000e+00
4.400000000000000022e-01,0.000000000000000000e+00
4.400000000000000022e-01,0.000000000000000000e+00
8.000000000000000444e-01,1.000000000000000000e+00
8.000000000000000444e-01,-7.772449869224062891e-01
8.000000000000000444e-01,7.916666666666666297e-01
8.000000000000000444e-01,-8.235294117647058432e-01
8.000000000000000444e-01,7.518248175182481452e-01
8.000000000000000444e-01,-8.527607361963189803e-01
4.400000000000000022e-01,0.000000000000000000e+00
4.400000000000000022e-01,0.000000000000000000e+00
4.400000000000000022e-01,0.000000000000000000e+00
4.400000000000000022e-01,0.000000000000000000e+00
8.000000000000000444e-01,8.510638297872340496e-01
8.000000000000000444e-01,4.940125234242886965e-02
8.000000000000000444e-01,-7.849462365591397539e-01
8.000000000000000444e-01,1.000000000000000000e+00
8.000000000000000444e-01,9.770173375517412495e-01
8.000000000000000444e-01,3.649380804953560320e-01
8.000000000000000444e-01,4.445478273440914840e-01
8.000000000000000444e-01,-7.106034083183180305e-01
8.000000000000000444e-01,-7.727951827142685026e-01
8.000000000000000444e-01,6.048096050014207803e-01
8.000000000000000444e-01,-8.478515317076527058e-01
8.000000000000000444e-01,-3.642594918954522587e-02
8.000000000000000444e-01,-5.442037349052919470e-02
8.000000000000000444e-01,-7.780652680652681008e-01
8.000000000000000444e-01,7.863408521303258958e-01
8.000000000000000444e-01,-2.369423158290628884e-02
8.000000000000000444e-01,7.762237762237762517e-01
8.000000000000000444e-01,4.155547661789591452e-01
8.000000000000000444e-01,-7.873958861050039948e-01
8.000000000000000444e-01,0.000000000000000000e+00
4.400000000000000022e-01,0.000000000000000000e+00
4.400000000000000022e-01,0.000000000000000000e+00
4.400000000000000022e-01,0.000000000000000000e+00
4.400000000000000022e-01,0.000000000000000000e+00
4.400000000000000022e-01,0.000000000000000000e+00
4.400000000000000022e-01,0.000000000000000000e+00
4.400000000000000022e-01,0.000000000000000000e+00
4.400000000000000022e-01,0.000000000000000000e+00
4.400000000000000022e-01,0.000000000000000000e+00
4.400000000000000022e-01,0.000000000000000000e+00
4.400000000000000022e-01,0.000000000000000000e+00
4.400000000000000022e-01,0.000000000000000000e+00
4.400000000000000022e-01,0.000000000000000000e+00
4.400000000000000022e-01,0.000000000000000000e+00
4.400000000000000022e-01,0.000000000000000000e+00
4.400000000000000022e-01,0.000000000000000000e+00
4.400000000000000022e-01,0.000000000000000000e+00
4.400000000000000022e-01,0.000000000000000000e+00
4.400000000000000022e-01,0.000000000000000000e+00
4.400000000000000022e-01,0.000000000000000000e+00
4.400000000000000022e-01,0.000000000000000000e+00
1.000000000000000056e-01,-1.000000000000000000e+00
1.000000000000000056e-01,-1.000000000000000000e+00
1.000000000000000056e-01,0.000000000000000000e+00
1.000000000000000056e-01,-1.000000000000000000e+00
1.000000000000000056e-01,-1.000000000000000000e+00
1.000000000000000056e-01,0.000000000000000000e+00
1.000000000000000056e-01,-1.000000000000000000e+00
1.000000000000000056e-01,-1.000000000000000000e+00
1.000000000000000056e-01,0.000000000000000000e+00
1.000000000000000056e-01,-1.000000000000000000e+00
1.000000000000000056e-01,-1.000000000000000000e+00
1.000000000000000056e-01,0.000000000000000000e+00
1.000000000000000056e-01,-1.000000000000000000e+00
1.000000000000000056e-01,-1.000000000000000000e+00
1.000000000000000056e-01,0.000000000000000000e+00
1.000000000000000056e-01,-1.000000000000000000e+00
1.000000000000000056e-01,-1.000000000000000000e+00
1.000000000000000056e-01,0.000000000000000000e+00
1.000000000000000056e-01,-1.000000000000000000e+00
1.000000000000000056e-01,-1.000000000000000000e+00
1.000000000000000056e-01,0.000000000000000000e+00
1.000000000000000056e-01,-1.000000000000000000e+00
1.000000000000000056e-01,-1.000000000000000000e+00
1.000000000000000056e-01,0.000000000000000000e+00
1.000000000000000056e-01,-1.000000000000000000e+00
1.000000000000000056e-01,-1.000000000000000000e+00
1.000000000000000056e-01,0.000000000000000000e+00
1.000000000000000056e-01,-1.000000000000000000e+00
1.000000000000000056e-01,-1.000000000000000000e+00
1.000000000000000056e-01,0.000000000000000000e+00
1.000000000000000056e-01,-1.000000000000000000e+00
1.000000000000000056e-01,-1.000000000000000000e+00
1.000000000000000056e-01,0.000000000000000000e+00
1.000000000000000056e-01,-1.000000000000000000e+00
1.000000000000000056e-01,-1.000000000000000000e+00
1.000000000000000056e-01,0.000000000000000000e+00
1.000000000000000056e-01,-1.000000000000000000e+00
1.000000000000000056e-01,-1.000000000000000000e+00
1.000000000000000056e-01,0.000000000000000000e+00
1.000000000000000056e-01,-1.000000000000000000e+00
1.000000000000000056e-01,-1.000000000000000000e+00
1.000000000000000056e-01,0.000000000000000000e+00
1.000000000000000056e-01,-1.000000000000000000e+00
1.000000000000000056e-01,-1.000000000000000000e+00
1.000000000000000056e-01,0.000000000000000000e+00
1.000000000000000056e-01,-1.000000000000000000e+00
1.000000000000000056e-01,-1.000000000000000000e+00
1.000000000000000056e-01,0.000000000000000000e+00
8.000000000000000444e-01,-9.982203199627259771e-01
8.000000000000000444e-01,-1.000000000000000000e+00
8.000000000000000444e-01,-7.193694686182150466e-02
8.000000000000000444e-01,-7.132022718920272286e-02
8.000000000000000444e-01,2.965028871317254566e-02
8.000000000000000444e-01,-8.850247506492181504e-02
8.000000000000000444e-01,-1.000000000000000000e+00
4.400000000000000022e-01,0.000000000000000000e+00
8.000000000000000444e-01,8.905003871467286336e-01
8.000000000000000444e-01,9.393939393939394478e-01
8.000000000000000444e-01,-9.782250991734733336e-01
8.000000000000000444e-01,1.905166905166905122e-01
8.000000000000000444e-01,-8.988134026905127971e-01
8.000000000000000444e-01,-1.000000000000000000e+00
8.000000000000000444e-01,6.506024096385542022e-01
8.000000000000000444e-01,6.845392493823070357e-01
8.000000000000000444e-01,-5.092946269417142346e-04
8.000000000000000444e-01,8.579895296255283244e-01
8.000000000000000444e-01,-8.014026283632033065e-01
8.000000000000000444e-01,-1.161620294599017278e-01
8.000000000000000444e-01,-1.296857250399923167e-01
8.000000000000000444e-01,0.000000000000000000e+00
4.400000000000000022e-01,0.000000000000000000e+00
4.400000000000000022e-01,0.000000000000000000e+00
4.400000000000000022e-01,0.000000000000000000e+00
4.400000000000000022e-01,0.000000000000000000e+00
4.400000000000000022e-01,0.000000000000000000e+00
4.400000000000000022e-01,0.000000000000000000e+00
4.400000000000000022e-01,0.000000000000000000e+00
4.400000000000000022e-01,0.000000000000000000e+00
4.400000000000000022e-01,0.000000000000000000e+00
4.400000000000000022e-01,0.000000000000000000e+00
4.400000000000000022e-01,0.000000000000000000e+00
4.400000000000000022e-01,0.000000000000000000e+00
3.499999999999999778e-01,1.000000000000000000e+00
8.000000000000000444e-01,-8.032938306029975273e-01
8.000000000000000444e-01,8.146229130685088693e-01
8.000000000000000444e-01,-5.164366883116888740e-02
8.000000000000000444e-01,-6.812602291325686732e-02
8.000000000000000444e-01,-7.939393939393939448e-01
8.000000000000000444e-01,7.876180322875417916e-01
8.000000000000000444e-01,-2.405579039555483245e-02
8.000000000000000444e-01,2.155480328561253378e-01
8.000000000000000444e-01,2.053162838244406707e-01
8.000000000000000444e-01,-8.273382712158221519e-01
8.000000000000000444e-01,9.470336579869473859e-01
4.400000000000000022e-01,0.000000000000000000e+00
4.400000000000000022e-01,0.000000000000000000e+00
8.000000000000000444e-01,4.962387802065489906e-01
8.000000000000000444e-01,-7.689626870745072118e-01
8.000000000000000444e-01,-8.031914893617021489e-01
8.000000000000000444e-01,8.025442062498031603e-01
8.000000000000000444e-01,-7.500000000000000000e-01
8.000000000000000444e-01,9.781314699792961198e-01
8.000000000000000444e-01,3.340175953079179694e-01
8.000000000000000444e-01,-8.281758355516120051e-01
8.000000000000000444e-01,0.000000000000000000e+00
4.400000000000000022e-01,0.000000000000000000e+00
4.400000000000000022e-01,0.000000000000000000e+00
4.400000000000000022e-01,0.000000000000000000e+00
4.400000000000000022e-01,0.000000000000000000e+00
4.400000000000000022e-01,0.000000000000000000e+00
4.400000000000000022e-01,0.000000000000000000e+00
4.400000000000000022e-01,0.000000000000000000e+00
3.499999999999999778e-01,1.000000000000000000e+00
8.000000000000000444e-01,-1.636733543706977434e-01
8.000000000000000444e-01,-5.631005260081822783e-01
4.400000000000000022e-01,-4.830320357297989697e-01
4.400000000000000022e-01,0.000000000000000000e+00
4.400000000000000022e-01,0.000000000000000000e+00
4.400000000000000022e-01,0.000000000000000000e+00
4.400000000000000022e-01,0.000000000000000000e+00
4.400000000000000022e-01,0.000000000000000000e+00
4.400000000000000022e-01,0.000000000000000000e+00
4.400000000000000022e-01,0.000000000000000000e+00
4.400000000000000022e-01,0.000000000000000000e+00
4.400000000000000022e-01,0.000000000000000000e+00
4.400000000000000022e-01,0.000000000000000000e+00
4.400000000000000022e-01,0.000000000000000000e+00
4.400000000000000022e-01,0.000000000000000000e+00
4.400000000000000022e-01,0.000000000000000000e+00
1.000000000000000056e-01,-1.000000000000000000e+00
1.000000000000000056e-01,-1.000000000000000000e+00
1.000000000000000056e-01,0.000000000000000000e+00
1.000000000000000056e-01,-1.000000000000000000e+00
1.000000000000000056e-01,-1.000000000000000000e+00
1.000000000000000056e-01,0.000000000000000000e+00
1.000000000000000056e-01,-1.000000000000000000e+00
1.000000000000000056e-01,-1.000000000000000000e+00
1.000000000000000056e-01,0.000000000000000000e+00
1.000000000000000056e-01,-1.000000000000000000e+00
1.000000000000000056e-01,-1.000000000000000000e+00
1.000000000000000056e-01,0.000000000000000000e+00
1.000000000000000056e-01,-1.000000000000000000e+00
1.000000000000000056e-01,-1.000000000000000000e+00
1.000000000000000056e-01,0.000000000000000000e+00
1.000000000000000056e-01,-1.000000000000000000e+00
1.000000000000000056e-01,-1.000000000000000000e+00
1.000000000000000056e-01,0.000000000000000000e+00
1.000000000000000056e-01,-1.000000000000000000e+00
1.000000000000000056e-01,-1.000000000000000000e+00
1.000000000000000056e-01,0.000000000000000000e+00
1.000000000000000056e-01,-1.000000000000000000e+00
1.000000000000000056e-01,-1.000000000000000000e+00
1.000000000000000056e-01,0.000000000000000000e+00
1.000000000000000056e-01,-1.000000000000000000e+00
1.000000000000000056e-01,-1.000000000000000000e+00
1.000000000000000056e-01,0.000000000000000000e+00
1.000000000000000056e-01,-1.000000000000000000e+00
1.000000000000000056e-01,-1.000000000000000000e+00
1.000000000000000056e-01,0.000000000000000000e+00
1.000000000000000056e-01,-1.000000000000000000e+00
1.000000000000000056e-01,-1.000000000000000000e+00
1.000000000000000056e-01,0.000000000000000000e+00
1.000000000000000056e-01,-1.000000000000000000e+00
1.000000000000000056e-01,-1.000000000000000000e+00
1.000000000000000056e-01,0.000000000000000000e+00
1.000000000000000056e-01,-1.000000000000000000e+00
1.000000000000000056e-01,-1.000000000000000000e+00
1.000000000000000056e-01,0.000000000000000000e+00
1.000000000000000056e-01,-1.000000000000000000e+00
1.000000000000000056e-01,-1.000000000000000000e+00
1.000000000000000056e-01,0.000000000000000000e+00
1.000000000000000056e-01,-1.000000000000000000e+00
1.000000000000000056e-01,-1.000000000000000000e+00
1.000000000000000056e-01,0.000000000000000000e+00
1.000000000000000056e-01,-1.000000000000000000e+00
1.000000000000000056e-01,-1.000000000000000000e+00
1.000000000000000056e-01,0.000000000000000000e+00
8.000000000000000444e-01,-9.625000000000001332e-01
8.000000000000000444e-01,-8.635689330617548620e-01
8.000000000000000444e-01,9.945072543066346693e-02
8.000000000000000444e-01,1.293496876639799176e-01
8.000000000000000444e-01,1.275336708329125601e-01
8.000000000000000444e-01,1.759147495397666017e-01
8.000000000000000444e-01,1.733904892863347147e-02
8.000000000000000444e-01,2.064855036132079436e-01
8.000000000000000444e-01,-9.107981220657277444e-01
8.000000000000000444e-01,-7.241379310344827624e-01
8.000000000000000444e-01,6.790529241999829768e-01
4.400000000000000022e-01,0.000000000000000000e+00
4.400000000000000022e-01,0.000000000000000000e+00
8.000000000000000444e-01,-9.375295508274231748e-01
8.000000000000000444e-01,7.299683425789387226e-01
8.000000000000000444e-01,1.858391608391608552e-01
8.000000000000000444e-01,-8.805361305361305568e-01
8.000000000000000444e-01,7.270471464019850893e-01
8.000000000000000444e-01,-3.836317135549871526e-02
8.000000000000000444e-01,-1.695484075183095740e-02
8.000000000000000444e-01,0.000000000000000000e+00
4.400000000000000022e-01,0.000000000000000000e+00
4.400000000000000022e-01,0.000000000000000000e+00
3.499999999999999778e-01,1.000000000000000000e+00
1.000000000000000056e-01,-5.444956477214542012e-01
1.000000000000000056e-01,3.612531969309464852e-01
1.000000000000000056e-01,-3.489550679205851158e-01
1.000000000000000056e-01,1.000000000000000000e+00
1.000000000000000056e-01,-7.325581395348836899e-01
1.000000000000000056e-01,0.000000000000000000e+00
1.000000000000000056e-01,0.000000000000000000e+00
1.000000000000000056e-01,0.000000000000000000e+00
1.000000000000000056e-01,0.000000000000000000e+00
1.000000000000000056e-01,0.000000000000000000e+00
1.000000000000000056e-01,0.000000000000000000e+00
1.000000000000000056e-01,0.000000000000000000e+00
1.000000000000000056e-01,0.000000000000000000e+00
1.000000000000000056e-01,0.000000000000000000e+00
1.000000000000000056e-01,0.000000000000000000e+00
1.000000000000000056e-01,0.000000000000000000e+00
1.000000000000000056e-01,0.000000000000000000e+00
1.000000000000000056e-01,0.000000000000000000e+00
1.000000000000000056e-01,1.000000000000000000e+00
1.000000000000000056e-01,-7.977528089887639950e-01
1.000000000000000056e-01,-3.294117647058823484e-01
1.000000000000000056e-01,1.000000000000000000e+00
1.000000000000000056e-01,-3.675706412387367839e-01
1.000000000000000056e-01,0.000000000000000000e+00
1.000000000000000056e-01,0.000000000000000000e+00
1.000000000000000056e-01,0.000000000000000000e+00
1.000000000000000056e-01,0.000000000000000000e+00
1.000000000000000056e-01,0.000000000000000000e+00
1.000000000000000056e-01,0.000000000000000000e+00
1.000000000000000056e-01,0.000000000000000000e+00
1.000000000000000056e-01,0.000000000000000000e+00
1.000000000000000056e-01,0.000000000000000000e+00
1.000000000000000056e-01,0.000000000000000000e+00
1.000000000000000056e-01,0.000000000000000000e+00
1.000000000000000056e-01,0.000000000000000000e+00
1.000000000000000056e-01,0.000000000000000000e+00
1.000000000000000056e-01,0.000000000000000000e+00
1.000000000000000056e-01,0.000000000000000000e+00
1.000000000000000056e-01,0.000000000000000000e+00
1.000000000000000056e-01,0.000000000000000000e+00
1.000000000000000056e-01,0.000000000000000000e+00
1.000000000000000056e-01,0.000000000000000000e+00
1.000000000000000056e-01,0.000000000000000000e+00
1.000000000000000056e-01,0.000000000000000000e+00
1.000000000000000056e-01,0.000000000000000000e+00
1.000000000000000056e-01,0.000000000000000000e+00
1.000000000000000056e-01,0.000000000000000000e+00
1.000000000000000056e-01,0.000000000000000000e+00
1.000000000000000056e-01,0.000000000000000000e+00
1.000000000000000056e-01,0.000000000000000000e+00
1.000000000000000056e-01,0.000000000000000000e+00
1.000000000000000056e-01,0.000000000000000000e+00
1.000000000000000056e-01,0.000000000000000000e+00
1.000000000000000056e-01,0.000000000000000000e+00
1.000000000000000056e-01,0.000000000000000000e+00
1.000000000000000056e-01,0.000000000000000000e+00
1.000000000000000056e-01,0.000000000000000000e+00
1.000000000000000056e-01,0.000000000000000000e+00
1.000000000000000056e-01,0.000000000000000000e+00
1.000000000000000056e-01,0.000000000000000000e+00
1.000000000000000056e-01,0.000000000000000000e+00
1.000000000000000056e-01,0.000000000000000000e+00
1.000000000000000056e-01,0.000000000000000000e+00
1.000000000000000056e-01,0.000000000000000000e+00
1.000000000000000056e-01,0.000000000000000000e+00
1.000000000000000056e-01,0.000000000000000000e+00
1.000000000000000056e-01,0.000000000000000000e+00
1.000000000000000056e-01,0.000000000000000000e+00
1.000000000000000056e-01,0.000000000000000000e+00
1.000000000000000056e-01,0.000000000000000000e+00
1.000000000000000056e-01,0.000000000000000000e+00
1.000000000000000056e-01,0.000000000000000000e+00
1.000000000000000056e-01,0.000000000000000000e+00
1.000000000000000056e-01,0.000000000000000000e+00
1.000000000000000056e-01,0.000000000000000000e+00
1.000000000000000056e-01,0.000000000000000000e+00
1.000000000000000056e-01,0.000000000000000000e+00
1.000000000000000056e-01,0.000000000000000000e+00
1.000000000000000056e-01,0.000000000000000000e+00
1.000000000000000056e-01,0.000000000000000000e+00
1.000000000000000056e-01,0.000000000000000000e+00
1.000000000000000056e-01,-1.000000000000000000e+00
1.000000000000000056e-01,-1.000000000000000000e+00
1.000000000000000056e-01,0.000000000000000000e+00
1.000000000000000056e-01,-1.000000000000000000e+00
1.000000000000000056e-01,-1.000000000000000000e+00
1.000000000000000056e-01,0.000000000000000000e+00
1.000000000000000056e-01,-1.000000000000000000e+00
1.000000000000000056e-01,-1.000000000000000000e+00
1.000000000000000056e-01,0.000000000000000000e+00
1.000000000000000056e-01,-1.000000000000000000e+00
1.000000000000000056e-01,-1.000000000000000000e+00
1.000000000000000056e-01,0.000000000000000000e+00
1.000000000000000056e-01,-1.000000000000000000e+00
1.000000000000000056e-01,-1.000000000000000000e+00
1.000000000000000056e-01,0.000000000000000000e+00
1.000000000000000056e-01,-1.000000000000000000e+00
1.000000000000000056e-01,-1.000000000000000000e+00
1.000000000000000056e-01,0.000000000000000000e+00
1.000000000000000056e-01,-1.000000000000000000e+00
1.000000000000000056e-01,-1.000000000000000000e+00
1.000000000000000056e-01,0.000000000000000000e+00
1.000000000000000056e-01,-1.000000000000000000e+00
1.000000000000000056e-01,-1.000000000000000000e+00
1.000000000000000056e-01,0.000000000000000000e+00
1.000000000000000056e-01,-1.000000000000000000e+00
1.000000000000000056e-01,-1.000000000000000000e+00
1.000000000000000056e-01,0.000000000000000000e+00
1.000000000000000056e-01,-1.000000000000000000e+00
1.000000000000000056e-01,-1.000000000000000000e+00
1.000000000000000056e-01,0.000000000000000000e+00
1.000000000000000056e-01,-1.000000000000000000e+00
1.000000000000000056e-01,-1.000000000000000000e+00
1.000000000000000056e-01,0.000000000000000000e+00
1.000000000000000056e-01,-1.000000000000000000e+00
1.000000000000000056e-01,-1.000000000000000000e+00
1.000000000000000056e-01,0.000000000000000000e+00
1.000000000000000056e-01,-1.000000000000000000e+00
1.000000000000000056e-01,-1.000000000000000000e+00
1.000000000000000056e-01,0.000000000000000000e+00
1.000000000000000056e-01,-1.000000000000000000e+00
1.000000000000000056e-01,-1.000000000000000000e+00
1.000000000000000056e-01,0.000000000000000000e+00
1.000000000000000056e-01,-1.000000000000000000e+00
1.000000000000000056e-01,-1.000000000000000000e+00
1.000000000000000056e-01,0.000000000000000000e+00
1.000000000000000056e-01,-1.000000000000000000e+00
1.000000000000000056e-01,-1.000000000000000000e+00
1.000000000000000056e-01,0.000000000000000000e+00
1.000000000000000056e-01,-1.000000000000000000e+00
1.000000000000000056e-01,-9.847438530932451917e-01
1.000000000000000056e-01,1.124583051726069094e-02
1.000000000000000056e-01,-8.510472338581540619e-01
1.000000000000000056e-01,-7.272727272727272929e-01
1.000000000000000056e-01,7.687992360945332670e-01
1.000000000000000056e-01,9.105263157894736281e-01
1.000000000000000056e-01,-8.964095744680851130e-01
1.000000000000000056e-01,-1.394901394901393310e-02
1.000000000000000056e-01,9.117647058823529216e-01
1.000000000000000056e-01,-1.000000000000000000e+00
1.000000000000000056e-01,0.000000000000000000e+00
1.000000000000000056e-01,-1.797991924042341427e-02
1.000000000000000056e-01,-2.665459267359212570e-01
1.000000000000000056e-01,6.911764705882352811e-01
1.000000000000000056e-01,1.326349212543297407e-01
1.000000000000000056e-01,-9.179633867276888459e-01
1.000000000000000056e-01,-1.711409395973153558e-01
1.000000000000000056e-01,8.239436619718309984e-01
1.000000000000000056e-01,-1.000000000000000000e+00
1.000000000000000056e-01,-1.127450980392157298e-01
1.000000000000000056e-01,6.786885245901639330e-01
1.000000000000000056e-01,7.266979804958149103e-01
1.000000000000000056e-01,-9.280303030303027612e-02
1.000000000000000056e-01,-8.891057091882248464e-01
1.000000000000000056e-01,-3.352899031278819830e-01
1.000000000000000056e-01,4.850714162794700357e-02
1.000000000000000056e-01,6.560072067946662866e-01
1.000000000000000056e-01,6.207729468599033629e-01
1.000000000000000056e-01,-1.000000000000000000e+00
1.000000000000000056e-01,-2.197562435903054334e-01
1.000000000000000056e-01,5.233214849921011824e-01
1.000000000000000056e-01,0.000000000000000000e+00
1.000000000000000056e-01,0.000000000000000000e+00
1.000000000000000056e-01,0.000000000000000000e+00
1.000000000000000056e-01,0.000000000000000000e+00
1.000000000000000056e-01,0.000000000000000000e+00
1.000000000000000056e-01,0.000000000000000000e+00
1.000000000000000056e-01,0.000000000000000000e+00
1.000000000000000056e-01,0.000000000000000000e+00
1.000000000000000056e-01,0.000000000000000000e+00
1.000000000000000056e-01,0.000000000000000000e+00
1.000000000000000056e-01,0.000000000000000000e+00
1.000000000000000056e-01,0.000000000000000000e+00
1.000000000000000056e-01,0.000000000000000000e+00
1.000000000000000056e-01,0.000000000000000000e+00
1.000000000000000056e-01,0.000000000000000000e+00
1.000000000000000056e-01,0.000000000000000000e+00
1.000000000000000056e-01,0.000000000000000000e+00
1.000000000000000056e-01,0.000000000000000000e+00
1.000000000000000056e-01,0.000000000000000000e+00
1.000000000000000056e-01,0.000000000000000000e+00
1.000000000000000056e-01,0.000000000000000000e+00
1.000000000000000056e-01,0.000000000000000000e+00
1.000000000000000056e-01,1.000000000000000000e+00
1.000000000000000056e-01,7.051282051282051766e-01
1.000000000000000056e-01,0.000000000000000000e+00
1.000000000000000056e-01,0.000000000000000000e+00
1.000000000000000056e-01,0.000000000000000000e+00
1.000000000000000056e-01,0.000000000000000000e+00
1.000000000000000056e-01,5.556408960099556982e-01
1.000000000000000056e-01,0.000000000000000000e+00
1.000000000000000056e-01,2.568456747803482543e-02
1.000000000000000056e-01,0.000000000000000000e+00
1.000000000000000056e-01,0.000000000000000000e+00
1.000000000000000056e-01,0.000000000000000000e+00
1.000000000000000056e-01,0.000000000000000000e+00
1.000000000000000056e-01,0.000000000000000000e+00
1.000000000000000056e-01,0.000000000000000000e+00
1.000000000000000056e-01,0.000000000000000000e+00
1.000000000000000056e-01,0.000000000000000000e+00
1.000000000000000056e-01,0.000000000000000000e+00
1.000000000000000056e-01,0.000000000000000000e+00
1.000000000000000056e-01,0.000000000000000000e+00
1.000000000000000056e-01,0.000000000000000000e+00
1.000000000000000056e-01,0.000000000000000000e+00
1.000000000000000056e-01,0.000000000000000000e+00
1.000000000000000056e-01,0.000000000000000000e+00
1.000000000000000056e-01,0.000000000000000000e+00
1.000000000000000056e-01,0.000000000000000000e+00
1.000000000000000056e-01,0.000000000000000000e+00
1.000000000000000056e-01,0.000000000000000000e+00
1.000000000000000056e-01,0.000000000000000000e+00
1.000000000000000056e-01,0.000000000000000000e+00
1.000000000000000056e-01,0.000000000000000000e+00
1.000000000000000056e-01,0.000000000000000000e+00
1.000000000000000056e-01,0.000000000000000000e+00
1.000000000000000056e-01,0.000000000000000000e+00
1.000000000000000056e-01,0.000000000000000000e+00
1.000000000000000056e-01,0.000000000000000000e+00
1.000000000000000056e-01,0.000000000000000000e+00
1.000000000000000056e-01,0.000000000000000000e+00
1.000000000000000056e-01,0.000000000000000000e+00
1.000000000000000056e-01,0.000000000000000000e+00
1.000000000000000056e-01,0.000000000000000000e+00
1.000000000000000056e-01,0.000000000000000000e+00
1.000000000000000056e-01,0.000000000000000000e+00
1.000000000000000056e-01,0.000000000000000000e+00
1.000000000000000056e-01,0.000000000000000000e+00
1.000000000000000056e-01,0.000000000000000000e+00
1.000000000000000056e-01,0.000000000000000000e+00
1.000000000000000056e-01,1.105851979345955222e-01
1.000000000000000056e-01,0.000000000000000000e+00
1.000000000000000056e-01,0.000000000000000000e+00
1.000000000000000056e-01,0.000000000000000000e+00
1.000000000000000056e-01,0.000000000000000000e+00
1.000000000000000056e-01,0.000000000000000000e+00
1.000000000000000056e-01,1.000000000000000056e-01
1.000000000000000056e-01,0.000000000000000000e+00
1.000000000000000056e-01,1.000000000000000000e+00
1.000000000000000056e-01,0.000000000000000000e+00
1.000000000000000056e-01,5.882352941176470507e-02
1.000000000000000056e-01,0.000000000000000000e+00
1.000000000000000056e-01,0.000000000000000000e+00
1.000000000000000056e-01,0.000000000000000000e+00
1.000000000000000056e-01,0.000000000000000000e+00
1.000000000000000056e-01,0.000000000000000000e+00
1.000000000000000056e-01,-1.000000000000000000e+00
1.000000000000000056e-01,1.000000000000000000e+00
3.499999999999999778e-01,1.000000000000000000e+00
4.400000000000000022e-01,0.000000000000000000e+00
3.499999999999999778e-01,1.000000000000000000e+00
4.400000000000000022e-01,0.000000000000000000e+00
3.499999999999999778e-01,1.000000000000000000e+00
3.499999999999999778e-01,1.000000000000000000e+00
3.499999999999999778e-01,1.000000000000000000e+00
3.499999999999999778e-01,1.000000000000000000e+00
3.499999999999999778e-01,1.000000000000000000e+00
3.499999999999999778e-01,1.000000000000000000e+00
3.499999999999999778e-01,1.000000000000000000e+00
3.499999999999999778e-01,1.000000000000000000e+00
3.499999999999999778e-01,1.000000000000000000e+00
3.499999999999999778e-01,1.000000000000000000e+00
3.499999999999999778e-01,1.000000000000000000e+00
3.499999999999999778e-01,1.000000000000000000e+00
3.499999999999999778e-01,1.000000000000000000e+00
4.400000000000000022e-01,0.000000000000000000e+00
8.000000000000000444e-01,1.000000000000000000e+00
3.499999999999999778e-01,1.000000000000000000e+00
3.499999999999999778e-01,1.000000000000000000e+00
3.499999999999999778e-01,1.000000000000000000e+00
3.499999999999999778e-01,1.000000000000000000e+00
3.499999999999999778e-01,1.000000000000000000e+00
4.400000000000000022e-01,0.000000000000000000e+00
8.000000000000000444e-01,-1.000000000000000000e+00
4.400000000000000022e-01,0.000000000000000000e+00
8.000000000000000444e-01,-1.000000000000000000e+00
4.400000000000000022e-01,0.000000000000000000e+00
8.000000000000000444e-01,-1.000000000000000000e+00
4.400000000000000022e-01,0.000000000000000000e+00
8.000000000000000444e-01,-1.000000000000000000e+00
4.400000000000000022e-01,0.000000000000000000e+00
8.000000000000000444e-01,-1.000000000000000000e+00
4.400000000000000022e-01,0.000000000000000000e+00
4.400000000000000022e-01,0.000000000000000000e+00
1.000000000000000056e-01,-1.000000000000000000e+00
1.000000000000000056e-01,-1.000000000000000000e+00
1.000000000000000056e-01,0.000000000000000000e+00
1.000000000000000056e-01,-1.000000000000000000e+00
1.000000000000000056e-01,-1.000000000000000000e+00
1.000000000000000056e-01,0.000000000000000000e+00
1.000000000000000056e-01,-1.000000000000000000e+00
1.000000000000000056e-01,-1.000000000000000000e+00
1.000000000000000056e-01,0.000000000000000000e+00
1.000000000000000056e-01,-1.000000000000000000e+00
1.000000000000000056e-01,-1.000000000000000000e+00
1.000000000000000056e-01,0.000000000000000000e+00
1.000000000000000056e-01,-1.000000000000000000e+00
1.000000000000000056e-01,-1.000000000000000000e+00
1.000000000000000056e-01,0.000000000000000000e+00
1.000000000000000056e-01,-1.000000000000000000e+00
1.000000000000000056e-01,-1.000000000000000000e+00
1.000000000000000056e-01,0.000000000000000000e+00
1.000000000000000056e-01,-1.000000000000000000e+00
1.000000000000000056e-01,-1.000000000000000000e+00
1.000000000000000056e-01,0.000000000000000000e+00
1.000000000000000056e-01,-1.000000000000000000e+00
1.000000000000000056e-01,-1.000000000000000000e+00
1.000000000000000056e-01,0.000000000000000000e+00
8.000000000000000444e-01,-7.737270027524264515e-01
8.000000000000000444e-01,-7.689173947124687825e-01
8.000000000000000444e-01,-8.455229858768873452e-01
8.000000000000000444e-01,-8.312851509777589021e-01
8.000000000000000444e-01,-1.104953352915067910e-01
8.000000000000000444e-01,-5.923744783954776327e-02
8.000000000000000444e-01,8.348765432098765871e-01
8.000000000000000444e-01,2.976828714220809413e-01
8.000000000000000444e-01,-7.766439909297052635e-01
8.000000000000000444e-01,8.147560078622774205e-01
8.000000000000000444e-01,-7.956340684815560449e-01
8.000000000000000444e-01,-8.291457286432161178e-01
8.000000000000000444e-01,7.796196433707218709e-01
8.000000000000000444e-01,-9.187252482004026888e-03
8.000000000000000444e-01,2.124702267117117849e-02
8.000000000000000444e-01,7.344387755102040893e-01
8.000000000000000444e-01,-7.712418300653594017e-01
8.000000000000000444e-01,1.799606799765972598e-01
8.000000000000000444e-01,8.303116599326678671e-01
8.000000000000000444e-01,-7.005346412159774161e-01
8.000000000000000444e-01,-5.703321056743360096e-02
8.000000000000000444e-01,-7.730088159294723482e-02
8.000000000000000444e-01,1.000000000000000000e+00
4.400000000000000022e-01,0.000000000000000000e+00
4.400000000000000022e-01,0.000000000000000000e+00
4.400000000000000022e-01,0.000000000000000000e+00
4.400000000000000022e-01,0.000000000000000000e+00
4.400000000000000022e-01,0.000000000000000000e+00
4.400000000000000022e-01,0.000000000000000000e+00
4.400000000000000022e-01,0.000000000000000000e+00
4.400000000000000022e-01,0.000000000000000000e+00
4.400000000000000022e-01,0.000000000000000000e+00
4.400000000000000022e-01,0.000000000000000000e+00
4.400000000000000022e-01,0.000000000000000000e+00
4.400000000000000022e-01,0.000000000000000000e+00
4.400000000000000022e-01,0.000000000000000000e+00
4.400000000000000022e-01,0.000000000000000000e+00
4.400000000000000022e-01,0.000000000000000000e+00
4.400000000000000022e-01,0.000000000000000000e+00
4.400000000000000022e-01,0.000000000000000000e+00
1.000000000000000056e-01,-1.000000000000000000e+00
1.000000000000000056e-01,-1.000000000000000000e+00
1.000000000000000056e-01,0.000000000000000000e+00
1.000000000000000056e-01,-1.000000000000000000e+00
1.000000000000000056e-01,-1.000000000000000000e+00
1.000000000000000056e-01,0.000000000000000000e+00
1.000000000000000056e-01,-1.000000000000000000e+00
1.000000000000000056e-01,-1.000000000000000000e+00
1.000000000000000056e-01,0.000000000000000000e+00
1.000000000000000056e-01,-1.000000000000000000e+00
1.000000000000000056e-01,-1.000000000000000000e+00
1.000000000000000056e-01,0.000000000000000000e+00
1.000000000000000056e-01,-1.000000000000000000e+00
1.000000000000000056e-01,-1.000000000000000000e+00
1.000000000000000056e-01,0.000000000000000000e+00
1.000000000000000056e-01,-1.000000000000000000e+00
1.000000000000000056e-01,-1.000000000000000000e+00
1.000000000000000056e-01,0.000000000000000000e+00
1.000000000000000056e-01,-1.000000000000000000e+00
1.000000000000000056e-01,-1.000000000000000000e+00
1.000000000000000056e-01,0.000000000000000000e+00
1.000000000000000056e-01,-1.000000000000000000e+00
1.000000000000000056e-01,-1.000000000000000000e+00
1.000000000000000056e-01,0.000000000000000000e+00
4.400000000000000022e-01,-4.705882352941176405e-01
3.499999999999999778e-01,1.000000000000000000e+00
4.400000000000000022e-01,2.575757575757575690e-01
3.499999999999999778e-01,1.000000000000000000e+00
3.499999999999999778e-01,1.000000000000000000e+00
3.499999999999999778e-01,1.000000000000000000e+00
3.499999999999999778e-01,1.000000000000000000e+00
3.499999999999999778e-01,1.000000000000000000e+00
3.499999999999999778e-01,1.000000000000000000e+00
3.499999999999999778e-01,1.000000000000000000e+00
3.499999999999999778e-01,1.000000000000000000e+00
3.499999999999999778e-01,1.000000000000000000e+00
3.499999999999999778e-01,1.000000000000000000e+00
3.499999999999999778e-01,1.000000000000000000e+00
3.499999999999999778e-01,1.000000000000000000e+00
3.499999999999999778e-01,1.000000000000000000e+00
3.499999999999999778e-01,1.000000000000000000e+00
3.499999999999999778e-01,1.000000000000000000e+00
3.499999999999999778e-01,1.000000000000000000e+00
3.499999999999999778e-01,1.000000000000000000e+00
3.499999999999999778e-01,1.000000000000000000e+00
3.499999999999999778e-01,1.000000000000000000e+00
3.499999999999999778e-01,1.000000000000000000e+00
3.499999999999999778e-01,1.000000000000000000e+00
3.499999999999999778e-01,1.000000000000000000e+00
3.499999999999999778e-01,1.000000000000000000e+00
