4.400000000000000022e-01,-1.000000000000000000e+00
8.000000000000000444e-01,0.000000000000000000e+00
8.000000000000000444e-01,5.702702702702702187e-01
4.400000000000000022e-01,0.000000000000000000e+00
8.000000000000000444e-01,0.000000000000000000e+00
4.400000000000000022e-01,0.000000000000000000e+00
8.000000000000000444e-01,-1.329161451814768302e+00
8.000000000000000444e-01,5.932844883419688964e-01
4.400000000000000022e-01,0.000000000000000000e+00
8.000000000000000444e-01,5.514025402359887806e-01
4.400000000000000022e-01,0.000000000000000000e+00
8.000000000000000444e-01,7.166339259837102293e-01
8.000000000000000444e-01,6.558613001471383930e-01
8.000000000000000444e-01,7.754130179651529398e-01
8.000000000000000444e-01,1.000000000000000000e+00
4.400000000000000022e-01,0.000000000000000000e+00
3.499999999999999778e-01,1.000000000000000000e+00
4.400000000000000022e-01,-6.867267226924134160e-01
4.400000000000000022e-01,9.687500000000000000e-01
4.400000000000000022e-01,-8.170504635962911877e-01
4.400000000000000022e-01,-6.875550407856181323e-01
4.400000000000000022e-01,-1.640161302224904250e-01
3.499999999999999778e-01,1.000000000000000000e+00
4.400000000000000022e-01,-3.605689348407795092e-01
3.499999999999999778e-01,1.000000000000000000e+00
4.400000000000000022e-01,-3.803726204215517881e-01
4.400000000000000022e-01,0.000000000000000000e+00
4.400000000000000022e-01,0.000000000000000000e+00
4.400000000000000022e-01,0.000000000000000000e+00
4.400000000000000022e-01,0.000000000000000000e+00
4.400000000000000022e-01,0.000000000000000000e+00
4.400000000000000022e-01,0.000000000000000000e+00
4.400000000000000022e-01,0.000000000000000000e+00
4.400000000000000022e-01,0.000000000000000000e+00
1.000000000000000056e-01,-1.000000000000000000e+00
1.000000000000000056e-01,-1.000000000000000000e+00
1.000000000000000056e-01,0.000000000000000000e+00
1.000000000000000056e-01,-1.000000000000000000e+00
1.000000000000000056e-01,-1.000000000000000000e+00
1.000000000000000056e-01,0.000000000000000000e+00
1.000000000000000056e-01,-1.000000000000000000e+00
1.000000000000000056e-01,-1.000000000000000000e+00
1.000000000000000056e-01,0.000000000000000000e+00
1.000000000000000056e-01,-1.000000000000000000e+00
1.000000000000000056e-01,-1.000000000000000000e+00
1.000000000000000056e-01,0.000000000000000000e+00
1.000000000000000056e-01,-1.000000000000000000e+00
1.000000000000000056e-01,-1.000000000000000000e+00
1.000000000000000056e-01,0.000000000000000000e+00
1.000000000000000056e-01,-1.000000000000000000e+00
1.000000000000000056e-01,-1.000000000000000000e+00
1.000000000000000056e-01,0.000000000000000000e+00
1.000000000000000056e-01,-1.000000000000000000e+00
1.000000000000000056e-01,-1.000000000000000000e+00
1.000000000000000056e-01,0.000000000000000000e+00
1.000000000000000056e-01,-1.000000000000000000e+00
1.000000000000000056e-01,-1.000000000000000000e+00
1.000000000000000056e-01,0.000000000000000000e+00
1.000000000000000056e-01,-1.000000000000000000e+00
1.000000000000000056e-01,-1.000000000000000000e+00
1.000000000000000056e-01,0.000000000000000000e+00
1.000000000000000056e-01,-1.000000000000000000e+00
1.000000000000000056e-01,-1.000000000000000000e+00
1.000000000000000056e-01,0.000000000000000000e+00
1.000000000000000056e-01,-1.000000000000000000e+00
1.000000000000000056e-01,-1.000000000000000000e+00
1.000000000000000056e-01,0.000000000000000000e+00
1.000000000000000056e-01,-1.000000000000000000e+00
1.000000000000000056e-01,-1.000000000000000000e+00
1.000000000000000056e-01,0.000000000000000000e+00
1.000000000000000056e-01,-1.000000000000000000e+00
1.000000000000000056e-01,-1.000000000000000000e+00
1.000000000000000056e-01,0.000000000000000000e+00
1.000000000000000056e-01,-1.000000000000000000e+00
1.000000000000000056e-01,-1.000000000000000000e+00
1.000000000000000056e-01,0.000000000000000000e+00
1.000000000000000056e-01,-1.000000000000000000e+00
1.000000000000000056e-01,-1.000000000000000000e+00
1.000000000000000056e-01,0.000000000000000000e+00
1.000000000000000056e-01,-1.000000000000000000e+00
1.000000000000000056e-01,-1.000000000000000000e+00
1.000000000000000056e-01,0.000000000000000000e+00
8.000000000000000444e-01,-9.936591719892565733e-01
8.000000000000000444e-01,5.111806565556575865e-02
8.000000000000000444e-01,-9.364754967331712088e-02
8.000000000000000444e-01,-4.412789267200778465e-02
8.000000000000000444e-01,-3.078081908968199887e-02
8.000000000000000444e-01,-1.523992277077597102e-01
8.000000000000000444e-01,-1.590280549874578675e-02
8.000000000000000444e-01,-5.528299065822406266e-02
8.000000000000000444e-01,-1.778976510301877312e-02
8.000000000000000444e-01,1.058670355142299346e-02
8.000000000000000444e-01,-8.563885848576369142e-03
8.000000000000000444e-01,-9.104495724701833215e-02
8.000000000000000444e-01,3.241643436754648722e-02
8.000000000000000444e-01,-1.162167341518938191e-02
8.000000000000000444e-01,-7.018514117005825170e-02
8.000000000000000444e-01,-6.697518689739101472e-02
8.000000000000000444e-01,-1.397328299644012839e-01
8.000000000000000444e-01,-2.204209578831217708e-02
8.000000000000000444e-01,-7.658348430934491802e-04
8.000000000000000444e-01,2.484747196342862452e-02
8.000000000000000444e-01,-1.511993833173108648e-02
8.000000000000000444e-01,-9.056775482415346801e-03
8.000000000000000444e-01,3.364792352229284411e-02
8.000000000000000444e-01,1.095118490076897322e-01
8.000000000000000444e-01,6.276175935573291564e-02
8.000000000000000444e-01,-8.634164825030596901e-01
8.000000000000000444e-01,1.030769230769230660e+00
8.000000000000000444e-01,1.624231032125766916e-02
8.000000000000000444e-01,2.869860099860443992e-02
8.000000000000000444e-01,-7.626793122285135951e-02
8.000000000000000444e-01,1.785579592828467899e-02
8.000000000000000444e-01,-6.491202475549473494e-02
8.000000000000000444e-01,3.786916040075249956e-02
8.000000000000000444e-01,-2.421293171556582191e-02
8.000000000000000444e-01,-9.062271226822029568e-01
8.000000000000000444e-01,1.893051491509093465e-01
8.000000000000000444e-01,1.154766028354982099e-01
8.000000000000000444e-01,1.091189307257505181e-01
8.000000000000000444e-01,6.286923424941615046e-02
8.000000000000000444e-01,2.092310151402942964e-02
8.000000000000000444e-01,-7.972757556559549874e-01
8.000000000000000444e-01,7.027027027027027417e-01
8.000000000000000444e-01,-8.499433106575964292e-01
8.000000000000000444e-01,-2.331932958252057597e-01
8.000000000000000444e-01,6.931348221670802223e-01
8.000000000000000444e-01,7.654919624735301298e-03
8.000000000000000444e-01,-4.418439740568591567e-02
8.000000000000000444e-01,0.000000000000000000e+00
4.400000000000000022e-01,0.000000000000000000e+00
4.400000000000000022e-01,0.000000000000000000e+00
4.400000000000000022e-01,0.000000000000000000e+00
4.400000000000000022e-01,0.000000000000000000e+00
4.400000000000000022e-01,0.000000000000000000e+00
4.400000000000000022e-01,0.000000000000000000e+00
4.400000000000000022e-01,0.000000000000000000e+00
3.499999999999999778e-01,1.000000000000000000e+00
8.000000000000000444e-01,1.462326535784211901e-01
8.000000000000000444e-01,-7.705982022342839910e-01
8.000000000000000444e-01,7.781249999999999556e-01
8.000000000000000444e-01,-7.249812880617834132e-01
8.000000000000000444e-01,-7.002923976608177448e-02
8.000000000000000444e-01,1.000000000000000000e+00
3.499999999999999778e-01,1.000000000000000000e+00
4.400000000000000022e-01,-5.283752349739014864e-01
4.400000000000000022e-01,-4.725212441722309031e-01
4.400000000000000022e-01,0.000000000000000000e+00
4.400000000000000022e-01,0.000000000000000000e+00
4.400000000000000022e-01,0.000000000000000000e+00
4.400000000000000022e-01,0.000000000000000000e+00
4.400000000000000022e-01,0.000000000000000000e+00
4.400000000000000022e-01,0.000000000000000000e+00
4.400000000000000022e-01,0.000000000000000000e+00
4.400000000000000022e-01,0.000000000000000000e+00
1.000000000000000056e-01,-1.000000000000000000e+00
1.000000000000000056e-01,-1.000000000000000000e+00
1.000000000000000056e-01,0.000000000000000000e+00
1.000000000000000056e-01,-1.000000000000000000e+00
1.000000000000000056e-01,-1.000000000000000000e+00
1.000000000000000056e-01,0.000000000000000000e+00
1.000000000000000056e-01,-1.000000000000000000e+00
1.000000000000000056e-01,-1.000000000000000000e+00
1.000000000000000056e-01,0.000000000000000000e+00
1.000000000000000056e-01,-1.000000000000000000e+00
1.000000000000000056e-01,-1.000000000000000000e+00
1.000000000000000056e-01,0.000000000000000000e+00
1.000000000000000056e-01,-1.000000000000000000e+00
1.000000000000000056e-01,-1.000000000000000000e+00
1.000000000000000056e-01,0.000000000000000000e+00
1.000000000000000056e-01,-1.000000000000000000e+00
1.000000000000000056e-01,-1.000000000000000000e+00
1.000000000000000056e-01,0.000000000000000000e+00
1.000000000000000056e-01,-1.000000000000000000e+00
1.000000000000000056e-01,-1.000000000000000000e+00
1.000000000000000056e-01,0.000000000000000000e+00
1.000000000000000056e-01,-1.000000000000000000e+00
1.000000000000000056e-01,-1.000000000000000000e+00
1.000000000000000056e-01,0.000000000000000000e+00
1.000000000000000056e-01,-1.000000000000000000e+00
1.000000000000000056e-01,-1.000000000000000000e+00
1.000000000000000056e-01,0.000000000000000000e+00
1.000000000000000056e-01,-1.000000000000000000e+00
1.000000000000000056e-01,-1.000000000000000000e+00
1.000000000000000056e-01,0.000000000000000000e+00
1.000000000000000056e-01,-1.000000000000000000e+00
1.000000000000000056e-01,-1.000000000000000000e+00
1.000000000000000056e-01,0.000000000000000000e+00
1.000000000000000056e-01,-1.000000000000000000e+00
1.000000000000000056e-01,-1.000000000000000000e+00
1.000000000000000056e-01,0.000000000000000000e+00
1.000000000000000056e-01,-1.000000000000000000e+00
1.000000000000000056e-01,-1.000000000000000000e+00
1.000000000000000056e-01,0.000000000000000000e+00
1.000000000000000056e-01,-1.000000000000000000e+00
1.000000000000000056e-01,-1.000000000000000000e+00
1.000000000000000056e-01,0.000000000000000000e+00
1.000000000000000056e-01,-1.000000000000000000e+00
1.000000000000000056e-01,-1.000000000000000000e+00
1.000000000000000056e-01,0.000000000000000000e+00
1.000000000000000056e-01,-1.000000000000000000e+00
1.000000000000000056e-01,-1.000000000000000000e+00
1.000000000000000056e-01,0.000000000000000000e+00
4.400000000000000022e-01,-1.009381694940876040e+00
8.000000000000000444e-01,-1.073792847252817317e+00
8.000000000000000444e-01,-2.650747442431323764e-01
8.000000000000000444e-01,-5.043036382121590666e-02
8.000000000000000444e-01,-1.473550929491486139e-01
8.000000000000000444e-01,-1.304125531891026091e-01
8.000000000000000444e-01,-2.415831269638568646e-02
8.000000000000000444e-01,-7.590073269765928998e-02
8.000000000000000444e-01,5.180297929871957585e-02
8.000000000000000444e-01,-4.974788572512878204e-03
8.000000000000000444e-01,-8.313061426328385295e-01
8.000000000000000444e-01,-1.000000000000000000e+00
8.000000000000000444e-01,6.809799257159051544e-01
8.000000000000000444e-01,-4.974938154080288388e-02
8.000000000000000444e-01,8.343062973543659000e-01
8.000000000000000444e-01,-9.395292207792207417e-01
8.000000000000000444e-01,8.334479344944460966e-01
8.000000000000000444e-01,-9.170276289942669301e-02
8.000000000000000444e-01,7.260273972602739878e-01
8.000000000000000444e-01,2.141430056871233001e-01
8.000000000000000444e-01,2.873388377370412750e-01
1.000000000000000056e-01,1.898656898656897463e-01
1.000000000000000056e-01,-6.553205128205128460e-01
8.000000000000000444e-01,-9.285714285714286031e-01
8.000000000000000444e-01,9.569892473118279952e-01
1.000000000000000056e-01,-7.413600891861761299e-01
1.000000000000000056e-01,1.000000000000000000e+00
1.000000000000000056e-01,1.000000000000000000e+00
1.000000000000000056e-01,-7.695741758241758657e-01
1.000000000000000056e-01,-6.993478013214855515e-01
1.000000000000000056e-01,-3.410919540229885305e-01
1.000000000000000056e-01,1.000000000000000000e+00
1.000000000000000056e-01,-5.666859481514653352e-01
1.000000000000000056e-01,-7.499999999999999722e-02
1.000000000000000056e-01,1.000000000000000000e+00
1.000000000000000056e-01,-7.375645844635615456e-01
1.000000000000000056e-01,-4.109345088285305536e-01
1.000000000000000056e-01,1.000000000000000000e+00
1.000000000000000056e-01,-5.534356725146198919e-01
1.000000000000000056e-01,-7.505681818181817455e-01
1.000000000000000056e-01,-3.445100627228013246e-01
1.000000000000000056e-01,1.000000000000000000e+00
1.000000000000000056e-01,-3.755102040816326037e-01
1.000000000000000056e-01,1.000000000000000000e+00
1.000000000000000056e-01,-6.923076923076922906e-01
1.000000000000000056e-01,-3.190709617180205182e-01
1.000000000000000056e-01,1.000000000000000000e+00
1.000000000000000056e-01,-6.086661436345749410e-01
1.000000000000000056e-01,-7.261904761904761085e-02
1.000000000000000056e-01,1.000000000000000000e+00
1.000000000000000056e-01,-6.815924132667742219e-01
1.000000000000000056e-01,-2.338984289367921354e-01
1.000000000000000056e-01,1.000000000000000000e+00
1.000000000000000056e-01,-3.190730837789661489e-01
1.000000000000000056e-01,1.000000000000000000e+00
1.000000000000000056e-01,-6.397230220759632102e-01
1.000000000000000056e-01,-4.664471898710278452e-01
1.000000000000000056e-01,1.000000000000000000e+00
1.000000000000000056e-01,-3.015611192930780504e-01
1.000000000000000056e-01,1.000000000000000000e+00
1.000000000000000056e-01,-2.578518676947396115e-01
1.000000000000000056e-01,1.000000000000000000e+00
1.000000000000000056e-01,-3.558601891935225248e-01
1.000000000000000056e-01,1.000000000000000000e+00
1.000000000000000056e-01,-6.717966815792902890e-01
1.000000000000000056e-01,-6.838235294117647189e-01
1.000000000000000056e-01,-4.115228112811570305e-01
1.000000000000000056e-01,1.000000000000000000e+00
1.000000000000000056e-01,-5.917562601205069717e-01
1.000000000000000056e-01,-6.694553862624799123e-01
1.000000000000000056e-01,-2.752732718714747118e-01
1.000000000000000056e-01,0.000000000000000000e+00
1.000000000000000056e-01,0.000000000000000000e+00
1.000000000000000056e-01,0.000000000000000000e+00
1.000000000000000056e-01,0.000000000000000000e+00
1.000000000000000056e-01,0.000000000000000000e+00
1.000000000000000056e-01,0.000000000000000000e+00
1.000000000000000056e-01,0.000000000000000000e+00
1.000000000000000056e-01,0.000000000000000000e+00
1.000000000000000056e-01,0.000000000000000000e+00
1.000000000000000056e-01,0.000000000000000000e+00
1.000000000000000056e-01,0.000000000000000000e+00
1.000000000000000056e-01,0.000000000000000000e+00
1.000000000000000056e-01,0.000000000000000000e+00
1.000000000000000056e-01,0.000000000000000000e+00
1.000000000000000056e-01,0.000000000000000000e+00
1.000000000000000056e-01,0.000000000000000000e+00
1.000000000000000056e-01,0.000000000000000000e+00
1.000000000000000056e-01,0.000000000000000000e+00
1.000000000000000056e-01,0.000000000000000000e+00
1.000000000000000056e-01,0.000000000000000000e+00
1.000000000000000056e-01,0.000000000000000000e+00
1.000000000000000056e-01,0.000000000000000000e+00
1.000000000000000056e-01,0.000000000000000000e+00
1.000000000000000056e-01,0.000000000000000000e+00
1.000000000000000056e-01,0.000000000000000000e+00
1.000000000000000056e-01,0.000000000000000000e+00
1.000000000000000056e-01,0.000000000000000000e+00
1.000000000000000056e-01,0.000000000000000000e+00
1.000000000000000056e-01,0.000000000000000000e+00
1.000000000000000056e-01,0.000000000000000000e+00
1.000000000000000056e-01,0.000000000000000000e+00
1.000000000000000056e-01,-1.000000000000000000e+00
1.000000000000000056e-01,-1.000000000000000000e+00
1.000000000000000056e-01,0.000000000000000000e+00
1.000000000000000056e-01,-1.000000000000000000e+00
1.000000000000000056e-01,-1.000000000000000000e+00
1.000000000000000056e-01,0.000000000000000000e+00
1.000000000000000056e-01,-1.000000000000000000e+00
1.000000000000000056e-01,-1.000000000000000000e+00
1.000000000000000056e-01,0.000000000000000000e+00
1.000000000000000056e-01,-1.000000000000000000e+00
1.000000000000000056e-01,-1.000000000000000000e+00
1.000000000000000056e-01,0.000000000000000000e+00
1.000000000000000056e-01,-1.000000000000000000e+00
1.000000000000000056e-01,-1.000000000000000000e+00
1.000000000000000056e-01,0.000000000000000000e+00
1.000000000000000056e-01,-1.000000000000000000e+00
1.000000000000000056e-01,-1.000000000000000000e+00
1.000000000000000056e-01,0.000000000000000000e+00
1.000000000000000056e-01,-1.000000000000000000e+00
1.000000000000000056e-01,-1.000000000000000000e+00
1.000000000000000056e-01,0.000000000000000000e+00
1.000000000000000056e-01,-1.000000000000000000e+00
1.000000000000000056e-01,-1.000000000000000000e+00
1.000000000000000056e-01,0.000000000000000000e+00
1.000000000000000056e-01,-3.182907804267073870e-01
1.000000000000000056e-01,1.000000000000000000e+00
1.000000000000000056e-01,0.000000000000000000e+00
1.000000000000000056e-01,-2.643201704733161295e-01
1.000000000000000056e-01,1.000000000000000000e+00
1.000000000000000056e-01,0.000000000000000000e+00
1.000000000000000056e-01,1.000000000000000000e+00
1.000000000000000056e-01,1.000000000000000000e+00
1.000000000000000056e-01,1.000000000000000000e+00
1.000000000000000056e-01,1.000000000000000000e+00
1.000000000000000056e-01,0.000000000000000000e+00
1.000000000000000056e-01,0.000000000000000000e+00
1.000000000000000056e-01,0.000000000000000000e+00
1.000000000000000056e-01,0.000000000000000000e+00
1.000000000000000056e-01,0.000000000000000000e+00
1.000000000000000056e-01,0.000000000000000000e+00
1.000000000000000056e-01,0.000000000000000000e+00
1.000000000000000056e-01,0.000000000000000000e+00
1.000000000000000056e-01,0.000000000000000000e+00
1.000000000000000056e-01,0.000000000000000000e+00
1.000000000000000056e-01,0.000000000000000000e+00
1.000000000000000056e-01,1.000000000000000000e+00
1.000000000000000056e-01,-1.261980463640884342e-01
1.000000000000000056e-01,0.000000000000000000e+00
1.000000000000000056e-01,0.000000000000000000e+00
1.000000000000000056e-01,0.000000000000000000e+00
1.000000000000000056e-01,0.000000000000000000e+00
1.000000000000000056e-01,0.000000000000000000e+00
1.000000000000000056e-01,0.000000000000000000e+00
1.000000000000000056e-01,0.000000000000000000e+00
1.000000000000000056e-01,0.000000000000000000e+00
1.000000000000000056e-01,1.000000000000000000e+00
1.000000000000000056e-01,-1.289223117599832824e-01
1.000000000000000056e-01,0.000000000000000000e+00
1.000000000000000056e-01,0.000000000000000000e+00
1.000000000000000056e-01,0.000000000000000000e+00
1.000000000000000056e-01,0.000000000000000000e+00
1.000000000000000056e-01,0.000000000000000000e+00
1.000000000000000056e-01,0.000000000000000000e+00
1.000000000000000056e-01,1.000000000000000000e+00
1.000000000000000056e-01,-1.151562014980897497e-01
1.000000000000000056e-01,0.000000000000000000e+00
1.000000000000000056e-01,0.000000000000000000e+00
1.000000000000000056e-01,0.000000000000000000e+00
1.000000000000000056e-01,0.000000000000000000e+00
1.000000000000000056e-01,1.000000000000000000e+00
1.000000000000000056e-01,0.000000000000000000e+00
1.000000000000000056e-01,0.000000000000000000e+00
1.000000000000000056e-01,0.000000000000000000e+00
1.000000000000000056e-01,1.000000000000000000e+00
1.000000000000000056e-01,0.000000000000000000e+00
1.000000000000000056e-01,1.000000000000000000e+00
1.000000000000000056e-01,-1.056940325192991387e-01
1.000000000000000056e-01,1.000000000000000000e+00
1.000000000000000056e-01,1.000000000000000000e+00
1.000000000000000056e-01,1.000000000000000000e+00
1.000000000000000056e-01,4.545098039215686114e+00
1.000000000000000056e-01,7.295850066934403411e-02
1.000000000000000056e-01,1.000000000000000000e+00
1.000000000000000056e-01,1.000000000000000000e+00
1.000000000000000056e-01,1.000000000000000000e+00
1.000000000000000056e-01,1.000000000000000000e+00
1.000000000000000056e-01,0.000000000000000000e+00
1.000000000000000056e-01,1.000000000000000000e+00
1.000000000000000056e-01,1.000000000000000000e+00
1.000000000000000056e-01,0.000000000000000000e+00
1.000000000000000056e-01,1.000000000000000000e+00
1.000000000000000056e-01,1.000000000000000000e+00
1.000000000000000056e-01,0.000000000000000000e+00
1.000000000000000056e-01,1.000000000000000000e+00
1.000000000000000056e-01,0.000000000000000000e+00
1.000000000000000056e-01,1.000000000000000000e+00
1.000000000000000056e-01,1.000000000000000000e+00
1.000000000000000056e-01,0.000000000000000000e+00
1.000000000000000056e-01,1.000000000000000000e+00
1.000000000000000056e-01,1.000000000000000000e+00
1.000000000000000056e-01,0.000000000000000000e+00
1.000000000000000056e-01,3.748741300256060449e-01
1.000000000000000056e-01,1.000000000000000000e+00
1.000000000000000056e-01,0.000000000000000000e+00
1.000000000000000056e-01,4.135662173214593729e-01
1.000000000000000056e-01,1.000000000000000000e+00
1.000000000000000056e-01,0.000000000000000000e+00
1.000000000000000056e-01,1.000000000000000000e+00
1.000000000000000056e-01,0.000000000000000000e+00
1.000000000000000056e-01,1.000000000000000000e+00
1.000000000000000056e-01,-1.000000000000000000e+00
1.000000000000000056e-01,1.000000000000000000e+00
1.000000000000000056e-01,1.000000000000000000e+00
1.000000000000000056e-01,1.000000000000000000e+00
1.000000000000000056e-01,1.152391956991428934e+00
1.000000000000000056e-01,1.000000000000000000e+00
1.000000000000000056e-01,1.000000000000000000e+00
1.000000000000000056e-01,1.000000000000000000e+00
1.000000000000000056e-01,1.000000000000000000e+00
1.000000000000000056e-01,1.000000000000000000e+00
1.000000000000000056e-01,1.000000000000000000e+00
1.000000000000000056e-01,1.222078897902763250e+00
1.000000000000000056e-01,9.552777777777777812e-01
1.000000000000000056e-01,1.054612897265336358e+00
1.000000000000000056e-01,1.187517558890157421e+00
1.000000000000000056e-01,8.155878529740777649e-01
1.000000000000000056e-01,7.967125136909627425e-01
1.000000000000000056e-01,1.000000000000000000e+00
1.000000000000000056e-01,1.000000000000000000e+00
1.000000000000000056e-01,1.000000000000000000e+00
1.000000000000000056e-01,1.000000000000000000e+00
1.000000000000000056e-01,1.000000000000000000e+00
1.000000000000000056e-01,1.000000000000000000e+00
1.000000000000000056e-01,1.000000000000000000e+00
1.000000000000000056e-01,1.000000000000000000e+00
1.000000000000000056e-01,1.000000000000000000e+00
1.000000000000000056e-01,1.000000000000000000e+00
1.000000000000000056e-01,1.000000000000000000e+00
1.000000000000000056e-01,1.000000000000000000e+00
1.000000000000000056e-01,1.000000000000000000e+00
1.000000000000000056e-01,1.000000000000000000e+00
1.000000000000000056e-01,1.000000000000000000e+00
1.000000000000000056e-01,1.000000000000000000e+00
1.000000000000000056e-01,1.000000000000000000e+00
1.000000000000000056e-01,1.000000000000000000e+00
1.000000000000000056e-01,1.000000000000000000e+00
1.000000000000000056e-01,0.000000000000000000e+00
4.400000000000000022e-01,0.000000000000000000e+00
3.499999999999999778e-01,1.000000000000000000e+00
4.400000000000000022e-01,0.000000000000000000e+00
4.400000000000000022e-01,3.976137893937808920e-01
3.499999999999999778e-01,1.000000000000000000e+00
3.499999999999999778e-01,1.000000000000000000e+00
4.400000000000000022e-01,0.000000000000000000e+00
3.499999999999999778e-01,1.000000000000000000e+00
4.400000000000000022e-01,0.000000000000000000e+00
3.499999999999999778e-01,1.000000000000000000e+00
4.400000000000000022e-01,0.000000000000000000e+00
3.499999999999999778e-01,1.000000000000000000e+00
4.400000000000000022e-01,0.000000000000000000e+00
4.400000000000000022e-01,0.000000000000000000e+00
4.400000000000000022e-01,0.000000000000000000e+00
3.499999999999999778e-01,1.000000000000000000e+00
4.400000000000000022e-01,0.000000000000000000e+00
8.000000000000000444e-01,6.374999999999999556e-01
8.000000000000000444e-01,0.000000000000000000e+00
8.000000000000000444e-01,6.753022452504318096e-01
8.000000000000000444e-01,-5.161821705426357099e-01
8.000000000000000444e-01,6.618217054263566546e-01
8.000000000000000444e-01,7.591485290600334945e-01
8.000000000000000444e-01,7.988826815642458001e-01
8.000000000000000444e-01,-2.197266966488088391e-01
8.000000000000000444e-01,8.015873015873016261e-01
8.000000000000000444e-01,4.282225710797138429e-02
8.000000000000000444e-01,-1.087734176770721595e-01
8.000000000000000444e-01,8.400296112270992932e-01
8.000000000000000444e-01,-7.700521966964924969e-01
8.000000000000000444e-01,-8.322802197802197099e-01
8.000000000000000444e-01,7.226615751005994737e-01
8.000000000000000444e-01,5.896255643091086185e-01
4.400000000000000022e-01,0.000000000000000000e+00
8.000000000000000444e-01,-8.887013939838591670e-01
8.000000000000000444e-01,0.000000000000000000e+00
8.000000000000000444e-01,6.999999999999999556e-01
8.000000000000000444e-01,1.418251584918251984e-01
8.000000000000000444e-01,-8.872180451127820167e-01
8.000000000000000444e-01,6.711402073104201227e-01
8.000000000000000444e-01,-8.555555555555555136e-01
8.000000000000000444e-01,6.769782574538519837e-01
8.000000000000000444e-01,0.000000000000000000e+00
3.499999999999999778e-01,1.000000000000000000e+00
4.400000000000000022e-01,0.000000000000000000e+00
8.000000000000000444e-01,1.567944250871080025e-01
4.400000000000000022e-01,0.000000000000000000e+00
8.000000000000000444e-01,1.386668202027404595e-01
8.000000000000000444e-01,-6.357788410419987768e-01
4.400000000000000022e-01,8.385278627251104844e-01
4.400000000000000022e-01,5.932330827067668899e-01
4.400000000000000022e-01,0.000000000000000000e+00
8.000000000000000444e-01,-9.923321048321048776e-01
4.400000000000000022e-01,6.736232517482517723e-01
8.000000000000000444e-01,1.000000000000000000e+00
3.499999999999999778e-01,1.000000000000000000e+00
3.499999999999999778e-01,1.000000000000000000e+00
3.499999999999999778e-01,1.000000000000000000e+00
4.400000000000000022e-01,0.000000000000000000e+00
8.000000000000000444e-01,1.000000000000000000e+00
3.499999999999999778e-01,1.000000000000000000e+00
3.499999999999999778e-01,1.000000000000000000e+00
3.499999999999999778e-01,1.000000000000000000e+00
3.499999999999999778e-01,1.000000000000000000e+00
3.499999999999999778e-01,1.000000000000000000e+00
3.499999999999999778e-01,1.000000000000000000e+00
3.499999999999999778e-01,1.000000000000000000e+00
4.400000000000000022e-01,0.000000000000000000e+00
4.400000000000000022e-01,2.043515340782394718e-01
3.499999999999999778e-01,1.000000000000000000e+00
3.499999999999999778e-01,1.000000000000000000e+00
3.499999999999999778e-01,1.000000000000000000e+00
3.499999999999999778e-01,1.000000000000000000e+00
3.499999999999999778e-01,1.000000000000000000e+00
3.499999999999999778e-01,1.000000000000000000e+00
3.499999999999999778e-01,1.000000000000000000e+00
3.499999999999999778e-01,1.000000000000000000e+00
3.499999999999999778e-01,1.000000000000000000e+00
3.499999999999999778e-01,1.000000000000000000e+00
3.499999999999999778e-01,1.000000000000000000e+00
3.499999999999999778e-01,1.000000000000000000e+00
3.499999999999999778e-01,1.000000000000000000e+00
3.499999999999999778e-01,1.000000000000000000e+00
4.400000000000000022e-01,0.000000000000000000e+00
3.499999999999999778e-01,1.000000000000000000e+00
4.400000000000000022e-01,0.000000000000000000e+00
4.400000000000000022e-01,0.000000000000000000e+00
4.400000000000000022e-01,0.000000000000000000e+00
3.499999999999999778e-01,1.000000000000000000e+00
4.400000000000000022e-01,0.000000000000000000e+00
8.000000000000000444e-01,6.330935251798560648e-01
8.000000000000000444e-01,6.629213483146066954e-01
8.000000000000000444e-01,-4.794117647058823151e-01
8.000000000000000444e-01,7.475728155339805836e-01
8.000000000000000444e-01,-3.724032176973354202e-01
8.000000000000000444e-01,7.067148644504871458e-01
8.000000000000000444e-01,7.855354805806629148e-01
8.000000000000000444e-01,7.922403003754693307e-01
8.000000000000000444e-01,-1.474484908695434804e-01
8.000000000000000444e-01,-1.139080359479975879e-01
8.000000000000000444e-01,8.612264452251676694e-01
8.000000000000000444e-01,2.570493311762012123e-02
8.000000000000000444e-01,-8.375289852287415293e-03
8.000000000000000444e-01,4.248175335131865182e-02
8.000000000000000444e-01,-8.649931566504914793e-01
8.000000000000000444e-01,9.399999999999999467e-01
8.000000000000000444e-01,-8.842969060326502095e-01
8.000000000000000444e-01,8.611111111111111605e-01
8.000000000000000444e-01,1.428535488097585349e-01
8.000000000000000444e-01,1.160411449730319733e-01
8.000000000000000444e-01,-3.360440230565475694e-03
8.000000000000000444e-01,9.450249094100038327e-02
8.000000000000000444e-01,7.342486825504157544e-02
8.000000000000000444e-01,4.910828366200370443e-02
8.000000000000000444e-01,-8.537633723892001925e-01
8.000000000000000444e-01,9.149042730920287081e-02
8.000000000000000444e-01,1.435589336495639579e-01
8.000000000000000444e-01,1.698750977211714863e-01
8.000000000000000444e-01,-8.529411764705882026e-01
8.000000000000000444e-01,6.763565891472868019e-01
8.000000000000000444e-01,1.038461538461538547e+00
8.000000000000000444e-01,1.730032276721580331e-01
8.000000000000000444e-01,-8.152519136965871160e-01
8.000000000000000444e-01,1.484571156397782588e-01
8.000000000000000444e-01,9.379310344827586077e-01
8.000000000000000444e-01,-8.000290579375000100e-01
8.000000000000000444e-01,5.045842916462861538e-02
8.000000000000000444e-01,-8.040670485374851184e-01
8.000000000000000444e-01,9.262110016420361802e-01
8.000000000000000444e-01,1.182584893522043989e-01
8.000000000000000444e-01,2.125527288986777119e-01
8.000000000000000444e-01,-7.939576285887761653e-01
8.000000000000000444e-01,-9.102934102934102656e-01
8.000000000000000444e-01,7.984496124031007502e-01
8.000000000000000444e-01,1.239703974277500675e-01
8.000000000000000444e-01,-8.371088113022211452e-01
8.000000000000000444e-01,-1.782946460500541841e-01
8.000000000000000444e-01,7.021971337664769663e-01
8.000000000000000444e-01,-6.457336346449249476e-02
8.000000000000000444e-01,-1.009526010548422725e-02
8.000000000000000444e-01,-8.010416666666666519e-01
8.000000000000000444e-01,7.963881996140060870e-01
8.000000000000000444e-01,-1.432458733629100589e-01
8.000000000000000444e-01,-6.926197925496668795e-02
8.000000000000000444e-01,7.358828685710980810e-01
8.000000000000000444e-01,0.000000000000000000e+00
8.000000000000000444e-01,-4.592701051703507176e-01
4.400000000000000022e-01,8.469185207557300421e-01
4.400000000000000022e-01,-7.951807228915662717e-01
4.400000000000000022e-01,6.616762866762866402e-01
4.400000000000000022e-01,4.391903531438415276e-01
4.400000000000000022e-01,0.000000000000000000e+00
4.400000000000000022e-01,1.088235294117646967e+00
8.000000000000000444e-01,0.000000000000000000e+00
8.000000000000000444e-01,1.000000000000000000e+00
3.499999999999999778e-01,1.000000000000000000e+00
3.499999999999999778e-01,1.000000000000000000e+00
4.400000000000000022e-01,0.000000000000000000e+00
8.000000000000000444e-01,1.000000000000000000e+00
3.499999999999999778e-01,1.000000000000000000e+00
3.499999999999999778e-01,1.000000000000000000e+00
4.400000000000000022e-01,0.000000000000000000e+00
8.000000000000000444e-01,1.000000000000000000e+00
3.499999999999999778e-01,1.000000000000000000e+00
3.499999999999999778e-01,1.000000000000000000e+00
3.499999999999999778e-01,1.000000000000000000e+00
3.499999999999999778e-01,1.000000000000000000e+00
3.499999999999999778e-01,1.000000000000000000e+00
3.499999999999999778e-01,1.000000000000000000e+00
3.499999999999999778e-01,1.000000000000000000e+00
3.499999999999999778e-01,1.000000000000000000e+00
3.499999999999999778e-01,1.000000000000000000e+00
3.499999999999999778e-01,1.000000000000000000e+00
3.499999999999999778e-01,1.000000000000000000e+00
3.499999999999999778e-01,1.000000000000000000e+00
3.499999999999999778e-01,1.000000000000000000e+00
3.499999999999999778e-01,1.000000000000000000e+00
3.499999999999999778e-01,1.000000000000000000e+00
3.499999999999999778e-01,1.000000000000000000e+00
3.499999999999999778e-01,1.000000000000000000e+00
3.499999999999999778e-01,1.000000000000000000e+00
3.499999999999999778e-01,1.000000000000000000e+00
4.400000000000000022e-01,0.000000000000000000e+00
4.400000000000000022e-01,0.000000000000000000e+00
3.499999999999999778e-01,1.000000000000000000e+00
4.400000000000000022e-01,0.000000000000000000e+00
4.400000000000000022e-01,0.000000000000000000e+00
8.000000000000000444e-01,6.236148049645390268e-01
8.000000000000000444e-01,6.405502392344497586e-01
8.000000000000000444e-01,6.525641025641025772e-01
8.000000000000000444e-01,-6.300900430907657723e-01
8.000000000000000444e-01,7.397131582947801265e-01
8.000000000000000444e-01,7.161835748792270140e-01
8.000000000000000444e-01,7.419083507166408520e-01
8.000000000000000444e-01,-1.636533600657368304e-01
8.000000000000000444e-01,-3.013215859030837773e-01
8.000000000000000444e-01,-1.982850142915475455e-01
8.000000000000000444e-01,7.285507246376812240e-01
8.000000000000000444e-01,8.256814415176840782e-01
8.000000000000000444e-01,3.633531219737973217e-03
8.000000000000000444e-01,7.815027571125132688e-02
8.000000000000000444e-01,-1.884957008796028788e-02
8.000000000000000444e-01,-1.597774244833067847e-01
8.000000000000000444e-01,-9.385400583290444132e-01
8.000000000000000444e-01,8.853582158355720599e-01
8.000000000000000444e-01,-8.530734632683611984e-03
8.000000000000000444e-01,9.062500000000000000e-01
8.000000000000000444e-01,-7.788887826109075485e-01
8.000000000000000444e-01,1.288230717749678789e-01
8.000000000000000444e-01,1.283929109132361246e-01
8.000000000000000444e-01,1.473957229966418314e-01
8.000000000000000444e-01,1.040198079526404307e-01
8.000000000000000444e-01,1.378378776418319740e-01
8.000000000000000444e-01,-8.446425120500120620e-01
8.000000000000000444e-01,8.102660658065312660e-01
8.000000000000000444e-01,1.857892223822230626e-01
8.000000000000000444e-01,7.879478812952489530e-02
8.000000000000000444e-01,6.878374852199942158e-02
8.000000000000000444e-01,-7.868628794803481652e-01
8.000000000000000444e-01,-8.266357295649463532e-01
8.000000000000000444e-01,7.413793103448276245e-01
8.000000000000000444e-01,-8.507462686567164312e-01
8.000000000000000444e-01,6.538461538461538547e-01
8.000000000000000444e-01,2.101237331393224217e-03
8.000000000000000444e-01,5.171693432562998183e-01
4.400000000000000022e-01,0.000000000000000000e+00
8.000000000000000444e-01,1.555555555555555580e-01
8.000000000000000444e-01,2.002396100140462210e-01
8.000000000000000444e-01,-7.796263087416543947e-03
8.000000000000000444e-01,-5.556635639979945473e-01
4.400000000000000022e-01,8.381171744345188301e-01
8.000000000000000444e-01,-4.987383659000821368e-02
8.000000000000000444e-01,-9.017471091000502925e-01
4.400000000000000022e-01,3.105590062111801553e-01
3.499999999999999778e-01,1.000000000000000000e+00
3.499999999999999778e-01,1.000000000000000000e+00
3.499999999999999778e-01,1.000000000000000000e+00
4.400000000000000022e-01,0.000000000000000000e+00
4.400000000000000022e-01,-8.860759493670885556e-01
4.400000000000000022e-01,1.841856060606060774e-01
3.499999999999999778e-01,1.000000000000000000e+00
3.499999999999999778e-01,1.000000000000000000e+00
3.499999999999999778e-01,1.000000000000000000e+00
3.499999999999999778e-01,1.000000000000000000e+00
3.499999999999999778e-01,1.000000000000000000e+00
3.499999999999999778e-01,1.000000000000000000e+00
3.499999999999999778e-01,1.000000000000000000e+00
3.499999999999999778e-01,1.000000000000000000e+00
3.499999999999999778e-01,1.000000000000000000e+00
3.499999999999999778e-01,1.000000000000000000e+00
3.499999999999999778e-01,1.000000000000000000e+00
3.499999999999999778e-01,1.000000000000000000e+00
3.499999999999999778e-01,1.000000000000000000e+00
3.499999999999999778e-01,1.000000000000000000e+00
3.499999999999999778e-01,1.000000000000000000e+00
3.499999999999999778e-01,1.000000000000000000e+00
3.499999999999999778e-01,1.000000000000000000e+00
3.499999999999999778e-01,1.000000000000000000e+00
3.499999999999999778e-01,1.000000000000000000e+00
3.499999999999999778e-01,1.000000000000000000e+00
3.499999999999999778e-01,1.000000000000000000e+00
3.499999999999999778e-01,1.000000000000000000e+00
3.499999999999999778e-01,1.000000000000000000e+00
4.400000000000000022e-01,0.000000000000000000e+00
8.000000000000000444e-01,4.513270853608795097e-01
3.499999999999999778e-01,1.000000000000000000e+00
4.400000000000000022e-01,0.000000000000000000e+00
3.499999999999999778e-01,1.000000000000000000e+00
4.400000000000000022e-01,0.000000000000000000e+00
4.400000000000000022e-01,0.000000000000000000e+00
4.400000000000000022e-01,0.000000000000000000e+00
3.499999999999999778e-01,1.000000000000000000e+00
4.400000000000000022e-01,0.000000000000000000e+00
4.400000000000000022e-01,0.000000000000000000e+00
4.400000000000000022e-01,0.000000000000000000e+00
3.499999999999999778e-01,1.000000000000000000e+00
4.400000000000000022e-01,0.000000000000000000e+00
4.400000000000000022e-01,0.000000000000000000e+00
4.400000000000000022e-01,0.000000000000000000e+00
3.499999999999999778e-01,1.000000000000000000e+00
4.400000000000000022e-01,0.000000000000000000e+00
8.000000000000000444e-01,7.172903143693521999e-01
8.000000000000000444e-01,6.169483024570153740e-01
8.000000000000000444e-01,6.662086181974450350e-01
8.000000000000000444e-01,-2.358229446573573140e-01
8.000000000000000444e-01,-3.474537942254281031e-01
8.000000000000000444e-01,-2.447732844306236277e-01
8.000000000000000444e-01,6.216440102365070608e-01
8.000000000000000444e-01,-2.950991410694485673e-01
8.000000000000000444e-01,6.122383252818034416e-01
8.000000000000000444e-01,-8.823529411764705621e-01
8.000000000000000444e-01,6.265888577653283553e-01
8.000000000000000444e-01,6.994686994686994952e-01
8.000000000000000444e-01,-8.810364292147608856e-01
8.000000000000000444e-01,5.268613492441872603e-01
4.400000000000000022e-01,0.000000000000000000e+00
8.000000000000000444e-01,-2.757869173310345534e-02
8.000000000000000444e-01,-7.582663557007907063e-02
8.000000000000000444e-01,5.738909551131045061e-01
4.400000000000000022e-01,0.000000000000000000e+00
8.000000000000000444e-01,8.185863136774778059e-01
8.000000000000000444e-01,2.997252090800477387e-01
4.400000000000000022e-01,-8.831820264023655387e-01
1.000000000000000056e-01,-1.000000000000000000e+00
1.000000000000000056e-01,1.000000000000000000e+00
1.000000000000000056e-01,0.000000000000000000e+00
1.000000000000000056e-01,-3.509229013792908303e-01
1.000000000000000056e-01,9.302492626184187818e-01
8.000000000000000444e-01,-1.491517955496803882e-01
1.000000000000000056e-01,8.050682261208578216e-01
4.400000000000000022e-01,6.249003220054604180e-01
8.000000000000000444e-01,-1.000000000000000000e+00
1.000000000000000056e-01,1.000000000000000000e+00
4.400000000000000022e-01,0.000000000000000000e+00
4.400000000000000022e-01,7.619047619047619735e-02
1.000000000000000056e-01,0.000000000000000000e+00
1.000000000000000056e-01,1.000000000000000000e+00
4.400000000000000022e-01,0.000000000000000000e+00
8.000000000000000444e-01,-1.000000000000000000e+00
1.000000000000000056e-01,1.000000000000000000e+00
3.499999999999999778e-01,1.000000000000000000e+00
3.499999999999999778e-01,1.000000000000000000e+00
4.400000000000000022e-01,0.000000000000000000e+00
4.400000000000000022e-01,2.249631561402673507e-01
3.499999999999999778e-01,1.000000000000000000e+00
3.499999999999999778e-01,1.000000000000000000e+00
3.499999999999999778e-01,1.000000000000000000e+00
3.499999999999999778e-01,1.000000000000000000e+00
3.499999999999999778e-01,1.000000000000000000e+00
3.499999999999999778e-01,1.000000000000000000e+00
3.499999999999999778e-01,1.000000000000000000e+00
3.499999999999999778e-01,1.000000000000000000e+00
3.499999999999999778e-01,1.000000000000000000e+00
3.499999999999999778e-01,1.000000000000000000e+00
3.499999999999999778e-01,1.000000000000000000e+00
3.499999999999999778e-01,1.000000000000000000e+00
3.499999999999999778e-01,1.000000000000000000e+00
3.499999999999999778e-01,1.000000000000000000e+00
3.499999999999999778e-01,1.000000000000000000e+00
3.499999999999999778e-01,1.000000000000000000e+00
1.000000000000000056e-01,1.000000000000000000e+00
1.000000000000000056e-01,1.000000000000000000e+00
1.000000000000000056e-01,0.000000000000000000e+00
1.000000000000000056e-01,-3.132149447519953500e-01
1.000000000000000056e-01,1.000000000000000000e+00
1.000000000000000056e-01,-2.187331486401300762e-01
1.000000000000000056e-01,0.000000000000000000e+00
1.000000000000000056e-01,0.000000000000000000e+00
1.000000000000000056e-01,0.000000000000000000e+00
1.000000000000000056e-01,0.000000000000000000e+00
1.000000000000000056e-01,0.000000000000000000e+00
1.000000000000000056e-01,0.000000000000000000e+00
1.000000000000000056e-01,0.000000000000000000e+00
1.000000000000000056e-01,0.000000000000000000e+00
1.000000000000000056e-01,0.000000000000000000e+00
1.000000000000000056e-01,0.000000000000000000e+00
1.000000000000000056e-01,0.000000000000000000e+00
1.000000000000000056e-01,0.000000000000000000e+00
1.000000000000000056e-01,0.000000000000000000e+00
1.000000000000000056e-01,0.000000000000000000e+00
1.000000000000000056e-01,0.000000000000000000e+00
1.000000000000000056e-01,0.000000000000000000e+00
1.000000000000000056e-01,0.000000000000000000e+00
1.000000000000000056e-01,0.000000000000000000e+00
1.000000000000000056e-01,0.000000000000000000e+00
1.000000000000000056e-01,0.000000000000000000e+00
1.000000000000000056e-01,0.000000000000000000e+00
1.000000000000000056e-01,0.000000000000000000e+00
1.000000000000000056e-01,0.000000000000000000e+00
1.000000000000000056e-01,0.000000000000000000e+00
1.000000000000000056e-01,0.000000000000000000e+00
1.000000000000000056e-01,0.000000000000000000e+00
1.000000000000000056e-01,0.000000000000000000e+00
1.000000000000000056e-01,0.000000000000000000e+00
1.000000000000000056e-01,0.000000000000000000e+00
1.000000000000000056e-01,0.000000000000000000e+00
1.000000000000000056e-01,0.000000000000000000e+00
1.000000000000000056e-01,0.000000000000000000e+00
1.000000000000000056e-01,0.000000000000000000e+00
1.000000000000000056e-01,0.000000000000000000e+00
1.000000000000000056e-01,0.000000000000000000e+00
1.000000000000000056e-01,0.000000000000000000e+00
1.000000000000000056e-01,0.000000000000000000e+00
1.000000000000000056e-01,0.000000000000000000e+00
1.000000000000000056e-01,0.000000000000000000e+00
1.000000000000000056e-01,0.000000000000000000e+00
1.000000000000000056e-01,0.000000000000000000e+00
1.000000000000000056e-01,0.000000000000000000e+00
1.000000000000000056e-01,0.000000000000000000e+00
1.000000000000000056e-01,0.000000000000000000e+00
1.000000000000000056e-01,0.000000000000000000e+00
1.000000000000000056e-01,0.000000000000000000e+00
1.000000000000000056e-01,0.000000000000000000e+00
1.000000000000000056e-01,0.000000000000000000e+00
1.000000000000000056e-01,0.000000000000000000e+00
1.000000000000000056e-01,0.000000000000000000e+00
1.000000000000000056e-01,0.000000000000000000e+00
1.000000000000000056e-01,0.000000000000000000e+00
1.000000000000000056e-01,0.000000000000000000e+00
1.000000000000000056e-01,0.000000000000000000e+00
1.000000000000000056e-01,0.000000000000000000e+00
1.000000000000000056e-01,0.000000000000000000e+00
1.000000000000000056e-01,0.000000000000000000e+00
1.000000000000000056e-01,0.000000000000000000e+00
1.000000000000000056e-01,0.000000000000000000e+00
1.000000000000000056e-01,0.000000000000000000e+00
1.000000000000000056e-01,0.000000000000000000e+00
1.000000000000000056e-01,0.000000000000000000e+00
1.000000000000000056e-01,0.000000000000000000e+00
1.000000000000000056e-01,0.000000000000000000e+00
1.000000000000000056e-01,0.000000000000000000e+00
1.000000000000000056e-01,0.000000000000000000e+00
1.000000000000000056e-01,0.000000000000000000e+00
1.000000000000000056e-01,0.000000000000000000e+00
1.000000000000000056e-01,0.000000000000000000e+00
1.000000000000000056e-01,0.000000000000000000e+00
1.000000000000000056e-01,0.000000000000000000e+00
1.000000000000000056e-01,-1.000000000000000000e+00
1.000000000000000056e-01,-1.000000000000000000e+00
1.000000000000000056e-01,0.000000000000000000e+00
1.000000000000000056e-01,-1.000000000000000000e+00
1.000000000000000056e-01,-1.000000000000000000e+00
1.000000000000000056e-01,0.000000000000000000e+00
1.000000000000000056e-01,-1.000000000000000000e+00
1.000000000000000056e-01,-1.000000000000000000e+00
1.000000000000000056e-01,0.000000000000000000e+00
1.000000000000000056e-01,-1.000000000000000000e+00
1.000000000000000056e-01,-1.000000000000000000e+00
1.000000000000000056e-01,0.000000000000000000e+00
1.000000000000000056e-01,-1.000000000000000000e+00
1.000000000000000056e-01,-1.000000000000000000e+00
1.000000000000000056e-01,0.000000000000000000e+00
1.000000000000000056e-01,-1.000000000000000000e+00
1.000000000000000056e-01,-1.000000000000000000e+00
1.000000000000000056e-01,0.000000000000000000e+00
1.000000000000000056e-01,-1.000000000000000000e+00
1.000000000000000056e-01,-1.000000000000000000e+00
1.000000000000000056e-01,0.000000000000000000e+00
1.000000000000000056e-01,-1.000000000000000000e+00
1.000000000000000056e-01,-1.000000000000000000e+00
1.000000000000000056e-01,0.000000000000000000e+00
1.000000000000000056e-01,-1.000000000000000000e+00
1.000000000000000056e-01,-1.000000000000000000e+00
1.000000000000000056e-01,0.000000000000000000e+00
1.000000000000000056e-01,-1.000000000000000000e+00
1.000000000000000056e-01,-1.000000000000000000e+00
1.000000000000000056e-01,0.000000000000000000e+00
1.000000000000000056e-01,-1.000000000000000000e+00
1.000000000000000056e-01,-1.000000000000000000e+00
1.000000000000000056e-01,0.000000000000000000e+00
1.000000000000000056e-01,-1.000000000000000000e+00
1.000000000000000056e-01,-1.000000000000000000e+00
1.000000000000000056e-01,0.000000000000000000e+00
1.000000000000000056e-01,-1.000000000000000000e+00
1.000000000000000056e-01,-1.000000000000000000e+00
1.000000000000000056e-01,0.000000000000000000e+00
1.000000000000000056e-01,-1.000000000000000000e+00
1.000000000000000056e-01,-1.000000000000000000e+00
1.000000000000000056e-01,0.000000000000000000e+00
1.000000000000000056e-01,-1.000000000000000000e+00
1.000000000000000056e-01,-1.000000000000000000e+00
1.000000000000000056e-01,0.000000000000000000e+00
1.000000000000000056e-01,-1.000000000000000000e+00
1.000000000000000056e-01,-1.000000000000000000e+00
1.000000000000000056e-01,0.000000000000000000e+00
1.000000000000000056e-01,1.000000000000000000e+00
1.000000000000000056e-01,1.000000000000000000e+00
1.000000000000000056e-01,9.521826020661694479e-01
1.000000000000000056e-01,9.316592909742676953e-01
1.000000000000000056e-01,1.000000000000000000e+00
1.000000000000000056e-01,1.000000000000000000e+00
1.000000000000000056e-01,9.185081812274794588e-01
1.000000000000000056e-01,7.757290321764006569e-01
1.000000000000000056e-01,1.031542954265459500e+00
1.000000000000000056e-01,8.953333333333333144e-01
1.000000000000000056e-01,9.777811179412998488e-02
1.000000000000000056e-01,1.655906034186535036e-01
1.000000000000000056e-01,1.906807002697412656e-01
1.000000000000000056e-01,-7.274872778228482773e-01
1.000000000000000056e-01,9.325842696629212947e-01
1.000000000000000056e-01,-7.508092042644467501e-01
1.000000000000000056e-01,9.169729368526569058e-02
1.000000000000000056e-01,-4.321939454395340441e-02
1.000000000000000056e-01,3.233910337800183221e-03
1.000000000000000056e-01,1.222837395257238002e-01
1.000000000000000056e-01,7.385132442309099154e-01
1.000000000000000056e-01,6.281856645964464247e-01
1.000000000000000056e-01,-7.388162754153804190e-01
1.000000000000000056e-01,2.425366472048051669e-03
1.000000000000000056e-01,-7.111890445223778556e-01
1.000000000000000056e-01,1.687391000274429675e-02
1.000000000000000056e-01,6.223563685516486643e-02
1.000000000000000056e-01,-1.001114534196315686e-01
1.000000000000000056e-01,2.314122406864342896e-01
1.000000000000000056e-01,3.954297953642740282e-01
1.000000000000000056e-01,4.464148527528809529e-01
1.000000000000000056e-01,2.294630838605464795e-01
1.000000000000000056e-01,7.435848307014883973e-01
1.000000000000000056e-01,-4.093567251461993628e-02
1.000000000000000056e-01,-7.045067858006937023e-01
1.000000000000000056e-01,8.409538659538662309e-02
1.000000000000000056e-01,6.505913075424900605e-01
1.000000000000000056e-01,-1.000000000000000000e+00
1.000000000000000056e-01,0.000000000000000000e+00
1.000000000000000056e-01,0.000000000000000000e+00
1.000000000000000056e-01,0.000000000000000000e+00
1.000000000000000056e-01,0.000000000000000000e+00
1.000000000000000056e-01,0.000000000000000000e+00
1.000000000000000056e-01,0.000000000000000000e+00
1.000000000000000056e-01,0.000000000000000000e+00
1.000000000000000056e-01,0.000000000000000000e+00
1.000000000000000056e-01,0.000000000000000000e+00
1.000000000000000056e-01,0.000000000000000000e+00
1.000000000000000056e-01,0.000000000000000000e+00
1.000000000000000056e-01,0.000000000000000000e+00
1.000000000000000056e-01,0.000000000000000000e+00
1.000000000000000056e-01,0.000000000000000000e+00
1.000000000000000056e-01,0.000000000000000000e+00
1.000000000000000056e-01,0.000000000000000000e+00
1.000000000000000056e-01,0.000000000000000000e+00
1.000000000000000056e-01,0.000000000000000000e+00
1.000000000000000056e-01,0.000000000000000000e+00
1.000000000000000056e-01,0.000000000000000000e+00
1.000000000000000056e-01,0.000000000000000000e+00
1.000000000000000056e-01,0.000000000000000000e+00
1.000000000000000056e-01,0.000000000000000000e+00
1.000000000000000056e-01,0.000000000000000000e+00
1.000000000000000056e-01,0.000000000000000000e+00
1.000000000000000056e-01,0.000000000000000000e+00
1.000000000000000056e-01,0.000000000000000000e+00
1.000000000000000056e-01,0.000000000000000000e+00
1.000000000000000056e-01,0.000000000000000000e+00
1.000000000000000056e-01,0.000000000000000000e+00
1.000000000000000056e-01,0.000000000000000000e+00
1.000000000000000056e-01,0.000000000000000000e+00
1.000000000000000056e-01,0.000000000000000000e+00
1.000000000000000056e-01,0.000000000000000000e+00
1.000000000000000056e-01,0.000000000000000000e+00
1.000000000000000056e-01,0.000000000000000000e+00
1.000000000000000056e-01,0.000000000000000000e+00
1.000000000000000056e-01,0.000000000000000000e+00
1.000000000000000056e-01,0.000000000000000000e+00
1.000000000000000056e-01,0.000000000000000000e+00
1.000000000000000056e-01,0.000000000000000000e+00
1.000000000000000056e-01,0.000000000000000000e+00
1.000000000000000056e-01,0.000000000000000000e+00
1.000000000000000056e-01,0.000000000000000000e+00
1.000000000000000056e-01,0.000000000000000000e+00
1.000000000000000056e-01,0.000000000000000000e+00
1.000000000000000056e-01,0.000000000000000000e+00
1.000000000000000056e-01,0.000000000000000000e+00
1.000000000000000056e-01,0.000000000000000000e+00
1.000000000000000056e-01,0.000000000000000000e+00
1.000000000000000056e-01,0.000000000000000000e+00
1.000000000000000056e-01,0.000000000000000000e+00
1.000000000000000056e-01,0.000000000000000000e+00
1.000000000000000056e-01,0.000000000000000000e+00
1.000000000000000056e-01,0.000000000000000000e+00
1.000000000000000056e-01,0.000000000000000000e+00
1.000000000000000056e-01,0.000000000000000000e+00
1.000000000000000056e-01,0.000000000000000000e+00
1.000000000000000056e-01,0.000000000000000000e+00
1.000000000000000056e-01,1.000000000000000000e+00
1.000000000000000056e-01,-1.000000000000000000e+00
1.000000000000000056e-01,1.000000000000000000e+00
1.000000000000000056e-01,0.000000000000000000e+00
1.000000000000000056e-01,-3.484628697799486696e-01
1.000000000000000056e-01,-1.792576410573014645e-01
1.000000000000000056e-01,1.000000000000000000e+00
1.000000000000000056e-01,0.000000000000000000e+00
1.000000000000000056e-01,-1.000000000000000000e+00
1.000000000000000056e-01,1.000000000000000000e+00
1.000000000000000056e-01,0.000000000000000000e+00
1.000000000000000056e-01,1.571428571428571397e-01
1.000000000000000056e-01,0.000000000000000000e+00
1.000000000000000056e-01,-1.000000000000000000e+00
1.000000000000000056e-01,1.000000000000000000e+00
1.000000000000000056e-01,1.000000000000000000e+00
1.000000000000000056e-01,0.000000000000000000e+00
1.000000000000000056e-01,-1.146729208924949450e+00
1.000000000000000056e-01,1.000000000000000000e+00
1.000000000000000056e-01,0.000000000000000000e+00
1.000000000000000056e-01,-1.000000000000000000e+00
1.000000000000000056e-01,1.000000000000000000e+00
1.000000000000000056e-01,1.000000000000000000e+00
1.000000000000000056e-01,0.000000000000000000e+00
1.000000000000000056e-01,0.000000000000000000e+00
1.000000000000000056e-01,-1.000000000000000000e+00
3.499999999999999778e-01,1.000000000000000000e+00
3.499999999999999778e-01,1.000000000000000000e+00
4.400000000000000022e-01,0.000000000000000000e+00
4.400000000000000022e-01,6.639004149377593367e-02
3.499999999999999778e-01,1.000000000000000000e+00
3.499999999999999778e-01,1.000000000000000000e+00
3.499999999999999778e-01,1.000000000000000000e+00
3.499999999999999778e-01,1.000000000000000000e+00
3.499999999999999778e-01,1.000000000000000000e+00
3.499999999999999778e-01,1.000000000000000000e+00
3.499999999999999778e-01,1.000000000000000000e+00
3.499999999999999778e-01,1.000000000000000000e+00
3.499999999999999778e-01,1.000000000000000000e+00
3.499999999999999778e-01,1.000000000000000000e+00
3.499999999999999778e-01,1.000000000000000000e+00
3.499999999999999778e-01,1.000000000000000000e+00
3.499999999999999778e-01,1.000000000000000000e+00
3.499999999999999778e-01,1.000000000000000000e+00
3.499999999999999778e-01,1.000000000000000000e+00
3.499999999999999778e-01,1.000000000000000000e+00
3.499999999999999778e-01,1.000000000000000000e+00
3.499999999999999778e-01,1.000000000000000000e+00
3.499999999999999778e-01,1.000000000000000000e+00
3.499999999999999778e-01,1.000000000000000000e+00
3.499999999999999778e-01,1.000000000000000000e+00
4.400000000000000022e-01,0.000000000000000000e+00
4.400000000000000022e-01,0.000000000000000000e+00
3.499999999999999778e-01,1.000000000000000000e+00
4.400000000000000022e-01,0.000000000000000000e+00
4.400000000000000022e-01,0.000000000000000000e+00
4.400000000000000022e-01,0.000000000000000000e+00
3.499999999999999778e-01,1.000000000000000000e+00
4.400000000000000022e-01,0.000000000000000000e+00
8.000000000000000444e-01,6.408371040723981338e-01
8.000000000000000444e-01,-6.048168513024937409e-01
8.000000000000000444e-01,6.981132075471697673e-01
8.000000000000000444e-01,6.489610389610389607e-01
8.000000000000000444e-01,7.719072164948452830e-01
8.000000000000000444e-01,-3.977133975888854645e-01
8.000000000000000444e-01,7.099085576700540079e-01
8.000000000000000444e-01,7.789400216995437942e-01
8.000000000000000444e-01,-6.802195928693199889e-02
8.000000000000000444e-01,-1.665526675786593858e-01
8.000000000000000444e-01,-9.090909090909090606e-01
8.000000000000000444e-01,7.631800150304510755e-01
8.000000000000000444e-01,7.336293007769145724e-01
8.000000000000000444e-01,-8.024691358024691468e-01
8.000000000000000444e-01,0.000000000000000000e+00
8.000000000000000444e-01,7.538126904109596627e-01
8.000000000000000444e-01,-1.130540312368087941e-01
8.000000000000000444e-01,7.368421052631578538e-01
8.000000000000000444e-01,8.600330874750117260e-02
8.000000000000000444e-01,0.000000000000000000e+00
4.400000000000000022e-01,0.000000000000000000e+00
8.000000000000000444e-01,7.518705270006498242e-02
8.000000000000000444e-01,-2.028169014084502120e-02
8.000000000000000444e-01,2.966511936339522038e-01
8.000000000000000444e-01,-1.090598987766477901e-02
8.000000000000000444e-01,-1.000000000000000000e+00
4.400000000000000022e-01,0.000000000000000000e+00
4.400000000000000022e-01,0.000000000000000000e+00
3.499999999999999778e-01,1.000000000000000000e+00
4.400000000000000022e-01,0.000000000000000000e+00
4.400000000000000022e-01,4.956948379989766229e-01
4.400000000000000022e-01,0.000000000000000000e+00
3.499999999999999778e-01,1.000000000000000000e+00
4.400000000000000022e-01,0.000000000000000000e+00
3.499999999999999778e-01,1.000000000000000000e+00
4.400000000000000022e-01,0.000000000000000000e+00
8.000000000000000444e-01,1.000000000000000000e+00
3.499999999999999778e-01,1.000000000000000000e+00
4.400000000000000022e-01,0.000000000000000000e+00
3.499999999999999778e-01,1.000000000000000000e+00
3.499999999999999778e-01,1.000000000000000000e+00
4.400000000000000022e-01,0.000000000000000000e+00
4.400000000000000022e-01,1.212169568987273849e-01
3.499999999999999778e-01,1.000000000000000000e+00
3.499999999999999778e-01,1.000000000000000000e+00
3.499999999999999778e-01,1.000000000000000000e+00
3.499999999999999778e-01,1.000000000000000000e+00
3.499999999999999778e-01,1.000000000000000000e+00
3.499999999999999778e-01,1.000000000000000000e+00
3.499999999999999778e-01,1.000000000000000000e+00
3.499999999999999778e-01,1.000000000000000000e+00
3.499999999999999778e-01,1.000000000000000000e+00
3.499999999999999778e-01,1.000000000000000000e+00
3.499999999999999778e-01,1.000000000000000000e+00
3.499999999999999778e-01,1.000000000000000000e+00
3.499999999999999778e-01,1.000000000000000000e+00
3.499999999999999778e-01,1.000000000000000000e+00
3.499999999999999778e-01,1.000000000000000000e+00
3.499999999999999778e-01,1.000000000000000000e+00
3.499999999999999778e-01,1.000000000000000000e+00
3.499999999999999778e-01,1.000000000000000000e+00
3.499999999999999778e-01,1.000000000000000000e+00
3.499999999999999778e-01,1.000000000000000000e+00
3.499999999999999778e-01,1.000000000000000000e+00
4.400000000000000022e-01,0.000000000000000000e+00
4.400000000000000022e-01,0.000000000000000000e+00
3.499999999999999778e-01,1.000000000000000000e+00
4.400000000000000022e-01,0.000000000000000000e+00
4.400000000000000022e-01,0.000000000000000000e+00
8.000000000000000444e-01,6.123452642012822134e-01
8.000000000000000444e-01,6.521739130434782705e-01
8.000000000000000444e-01,-5.765247410817030405e-01
8.000000000000000444e-01,6.164369824943414233e-01
8.000000000000000444e-01,6.553750221513379159e-01
8.000000000000000444e-01,7.407407407407406996e-01
8.000000000000000444e-01,-1.132075471698113178e+00
8.000000000000000444e-01,7.222309323126244740e-01
8.000000000000000444e-01,7.631258867510436472e-01
8.000000000000000444e-01,8.540145985401459416e-01
8.000000000000000444e-01,1.687047797145979633e-02
8.000000000000000444e-01,8.654068390641280750e-01
8.000000000000000444e-01,-8.326580517253360236e-01
8.000000000000000444e-01,-3.690476190476188467e-02
8.000000000000000444e-01,-6.078108479765453875e-02
8.000000000000000444e-01,-1.817800478693210042e-02
8.000000000000000444e-01,-8.741258741258750575e-03
8.000000000000000444e-01,-8.492514197212184257e-01
8.000000000000000444e-01,7.805213190616828722e-01
8.000000000000000444e-01,9.335681596819167538e-02
8.000000000000000444e-01,2.110869879866839049e-01
8.000000000000000444e-01,1.449541284403669250e-01
8.000000000000000444e-01,1.624569460390355990e-01
8.000000000000000444e-01,0.000000000000000000e+00
8.000000000000000444e-01,2.451449032508423720e-01
8.000000000000000444e-01,2.269413963932680467e-01
8.000000000000000444e-01,-8.055214739454146233e-01
8.000000000000000444e-01,8.639455782312925880e-01
8.000000000000000444e-01,2.097399759641647154e-01
8.000000000000000444e-01,2.216331283502553928e-01
8.000000000000000444e-01,-7.913864453436078028e-01
8.000000000000000444e-01,2.005434782608694899e-01
8.000000000000000444e-01,2.164229928147454185e-01
8.000000000000000444e-01,1.521546482994330374e-01
8.000000000000000444e-01,1.702093539378751741e-01
8.000000000000000444e-01,-8.275264503223834778e-01
8.000000000000000444e-01,1.259021651964715716e-01
8.000000000000000444e-01,1.759895020570292345e-01
8.000000000000000444e-01,2.155172413793103869e-01
8.000000000000000444e-01,-7.926982089369766227e-01
8.000000000000000444e-01,9.560873373373374173e-01
8.000000000000000444e-01,-7.754416161561407117e-01
8.000000000000000444e-01,2.222222222222222099e-01
8.000000000000000444e-01,1.000000000000000000e+00
8.000000000000000444e-01,-7.971009829395532265e-01
8.000000000000000444e-01,-7.666297585152377358e-01
8.000000000000000444e-01,6.538461538461538547e-01
8.000000000000000444e-01,1.000000000000000000e+00
8.000000000000000444e-01,-8.148650428271377866e-01
8.000000000000000444e-01,-8.138803868208902559e-01
8.000000000000000444e-01,3.076923076923077094e-01
4.400000000000000022e-01,0.000000000000000000e+00
8.000000000000000444e-01,-8.305084745762711940e-01
8.000000000000000444e-01,6.894501576854517033e-01
8.000000000000000444e-01,6.455456493192341938e-01
8.000000000000000444e-01,1.074074074074074181e+00
8.000000000000000444e-01,-1.000000000000000000e+00
4.400000000000000022e-01,0.000000000000000000e+00
8.000000000000000444e-01,6.397173146410950473e-02
4.400000000000000022e-01,1.052631578947368363e+00
8.000000000000000444e-01,-3.526911636494178826e-01
8.000000000000000444e-01,-3.890238704177317874e-02
4.400000000000000022e-01,5.839733742959549723e-01
4.400000000000000022e-01,0.000000000000000000e+00
3.499999999999999778e-01,1.000000000000000000e+00
4.400000000000000022e-01,0.000000000000000000e+00
4.400000000000000022e-01,4.867083570724472508e-01
3.499999999999999778e-01,1.000000000000000000e+00
4.400000000000000022e-01,0.000000000000000000e+00
4.400000000000000022e-01,1.970048219584569771e-01
3.499999999999999778e-01,1.000000000000000000e+00
3.499999999999999778e-01,1.000000000000000000e+00
4.400000000000000022e-01,0.000000000000000000e+00
8.000000000000000444e-01,1.000000000000000000e+00
3.499999999999999778e-01,1.000000000000000000e+00
3.499999999999999778e-01,1.000000000000000000e+00
3.499999999999999778e-01,1.000000000000000000e+00
3.499999999999999778e-01,1.000000000000000000e+00
3.499999999999999778e-01,1.000000000000000000e+00
3.499999999999999778e-01,1.000000000000000000e+00
3.499999999999999778e-01,1.000000000000000000e+00
3.499999999999999778e-01,1.000000000000000000e+00
3.499999999999999778e-01,1.000000000000000000e+00
3.499999999999999778e-01,1.000000000000000000e+00
3.499999999999999778e-01,1.000000000000000000e+00
3.499999999999999778e-01,1.000000000000000000e+00
3.499999999999999778e-01,1.000000000000000000e+00
3.499999999999999778e-01,1.000000000000000000e+00
3.499999999999999778e-01,1.000000000000000000e+00
3.499999999999999778e-01,1.000000000000000000e+00
3.499999999999999778e-01,1.000000000000000000e+00
3.499999999999999778e-01,1.000000000000000000e+00
3.499999999999999778e-01,1.000000000000000000e+00
3.499999999999999778e-01,1.000000000000000000e+00
3.499999999999999778e-01,1.000000000000000000e+00
4.400000000000000022e-01,0.000000000000000000e+00
4.400000000000000022e-01,0.000000000000000000e+00
4.400000000000000022e-01,0.000000000000000000e+00
3.499999999999999778e-01,1.000000000000000000e+00
4.400000000000000022e-01,0.000000000000000000e+00
8.000000000000000444e-01,0.000000000000000000e+00
8.000000000000000444e-01,6.653802172670096882e-01
8.000000000000000444e-01,6.871596534653465760e-01
8.000000000000000444e-01,-1.157647907647907592e+00
8.000000000000000444e-01,6.257963697559802974e-01
8.000000000000000444e-01,6.623702988344982723e-01
8.000000000000000444e-01,1.000000000000000000e+00
4.400000000000000022e-01,0.000000000000000000e+00
4.400000000000000022e-01,0.000000000000000000e+00
3.499999999999999778e-01,1.000000000000000000e+00
8.000000000000000444e-01,-1.034259340923178172e-01
8.000000000000000444e-01,-9.411764705882352811e-01
8.000000000000000444e-01,7.830841307814991881e-01
8.000000000000000444e-01,9.115779189057156007e-01
8.000000000000000444e-01,-8.009446693657219507e-01
8.000000000000000444e-01,9.534988905956648386e-01
8.000000000000000444e-01,0.000000000000000000e+00
8.000000000000000444e-01,9.324670870267404155e-02
8.000000000000000444e-01,6.745342348058025461e-02
8.000000000000000444e-01,9.420357420357416967e-02
8.000000000000000444e-01,7.021406469795710148e-02
8.000000000000000444e-01,-2.172540468063388630e-02
8.000000000000000444e-01,8.843488255252973662e-02
8.000000000000000444e-01,1.172779663317518040e-01
8.000000000000000444e-01,-2.543092103042177143e-02
8.000000000000000444e-01,7.152364243782749487e-02
8.000000000000000444e-01,1.222081966355090810e-01
8.000000000000000444e-01,-7.440395902004459661e-01
8.000000000000000444e-01,-8.524692452628123140e-01
8.000000000000000444e-01,9.621257306453536717e-01
8.000000000000000444e-01,9.674796747967480126e-01
8.000000000000000444e-01,-8.487796650077369387e-01
8.000000000000000444e-01,-7.138568978191619507e-01
8.000000000000000444e-01,7.629206730769231282e-01
8.000000000000000444e-01,1.377239693258071052e-01
8.000000000000000444e-01,-4.009098336304217636e-02
8.000000000000000444e-01,-9.210890430152725017e-01
8.000000000000000444e-01,-1.498065153237566616e-01
8.000000000000000444e-01,5.802471721826560902e-01
4.400000000000000022e-01,0.000000000000000000e+00
8.000000000000000444e-01,-8.834841628959275717e-01
8.000000000000000444e-01,6.902575286018507450e-01
8.000000000000000444e-01,8.521157870262729972e-01
8.000000000000000444e-01,-1.000000000000000000e+00
4.400000000000000022e-01,0.000000000000000000e+00
4.400000000000000022e-01,4.260416666666667074e-01
3.499999999999999778e-01,1.000000000000000000e+00
4.400000000000000022e-01,0.000000000000000000e+00
4.400000000000000022e-01,5.949648711943793522e-01
4.400000000000000022e-01,0.000000000000000000e+00
4.400000000000000022e-01,5.885182521129292965e-01
4.400000000000000022e-01,0.000000000000000000e+00
4.400000000000000022e-01,3.240585384041760331e-01
3.499999999999999778e-01,1.000000000000000000e+00
3.499999999999999778e-01,1.000000000000000000e+00
4.400000000000000022e-01,0.000000000000000000e+00
8.000000000000000444e-01,1.000000000000000000e+00
3.499999999999999778e-01,1.000000000000000000e+00
4.400000000000000022e-01,0.000000000000000000e+00
8.000000000000000444e-01,1.000000000000000000e+00
3.499999999999999778e-01,1.000000000000000000e+00
3.499999999999999778e-01,1.000000000000000000e+00
3.499999999999999778e-01,1.000000000000000000e+00
3.499999999999999778e-01,1.000000000000000000e+00
3.499999999999999778e-01,1.000000000000000000e+00
3.499999999999999778e-01,1.000000000000000000e+00
3.499999999999999778e-01,1.000000000000000000e+00
3.499999999999999778e-01,1.000000000000000000e+00
3.499999999999999778e-01,1.000000000000000000e+00
3.499999999999999778e-01,1.000000000000000000e+00
3.499999999999999778e-01,1.000000000000000000e+00
3.499999999999999778e-01,1.000000000000000000e+00
3.499999999999999778e-01,1.000000000000000000e+00
3.499999999999999778e-01,1.000000000000000000e+00
3.499999999999999778e-01,1.000000000000000000e+00
3.499999999999999778e-01,1.000000000000000000e+00
3.499999999999999778e-01,1.000000000000000000e+00
3.499999999999999778e-01,1.000000000000000000e+00
3.499999999999999778e-01,1.000000000000000000e+00
3.499999999999999778e-01,1.000000000000000000e+00
4.400000000000000022e-01,0.000000000000000000e+00
4.400000000000000022e-01,0.000000000000000000e+00
3.499999999999999778e-01,1.000000000000000000e+00
4.400000000000000022e-01,0.000000000000000000e+00
4.400000000000000022e-01,0.000000000000000000e+00
3.499999999999999778e-01,1.000000000000000000e+00
4.400000000000000022e-01,0.000000000000000000e+00
8.000000000000000444e-01,6.326470588235293402e-01
8.000000000000000444e-01,5.457393777858545736e-01
4.400000000000000022e-01,0.000000000000000000e+00
8.000000000000000444e-01,6.259394613852551359e-01
8.000000000000000444e-01,-5.581246261509689166e-01
8.000000000000000444e-01,6.253877479874342393e-01
8.000000000000000444e-01,6.428824346931066858e-01
8.000000000000000444e-01,6.404366644751260385e-01
8.000000000000000444e-01,-2.339705614290922275e-01
8.000000000000000444e-01,-2.258246225319395784e-01
8.000000000000000444e-01,7.517655734860316796e-01
8.000000000000000444e-01,-8.037698412698413009e-01
8.000000000000000444e-01,7.099240946300725552e-01
8.000000000000000444e-01,7.753333333333333188e-01
8.000000000000000444e-01,-8.591346791885994261e-01
8.000000000000000444e-01,6.697906055461233521e-01
8.000000000000000444e-01,-8.042873448423455418e-01
8.000000000000000444e-01,7.271499139118841049e-01
8.000000000000000444e-01,1.047292330311198061e-01
8.000000000000000444e-01,-8.520337684073147066e-01
8.000000000000000444e-01,4.342749183121552559e-01
4.400000000000000022e-01,0.000000000000000000e+00
8.000000000000000444e-01,5.596665698799845323e-01
4.400000000000000022e-01,0.000000000000000000e+00
8.000000000000000444e-01,9.804531804531805284e-01
8.000000000000000444e-01,1.499051233396584415e-01
8.000000000000000444e-01,-1.000000000000000000e+00
1.000000000000000056e-01,0.000000000000000000e+00
1.000000000000000056e-01,-1.907741738066095483e-01
1.000000000000000056e-01,1.011306149276400612e+00
8.000000000000000444e-01,-6.301104809169344456e-02
1.000000000000000056e-01,4.686250257678829523e-01
4.400000000000000022e-01,0.000000000000000000e+00
8.000000000000000444e-01,-1.000000000000000000e+00
1.000000000000000056e-01,1.000000000000000000e+00
1.000000000000000056e-01,0.000000000000000000e+00
1.000000000000000056e-01,5.532519335089428614e-01
4.400000000000000022e-01,0.000000000000000000e+00
1.000000000000000056e-01,-1.000000000000000000e+00
1.000000000000000056e-01,1.000000000000000000e+00
1.000000000000000056e-01,1.000000000000000000e+00
4.400000000000000022e-01,0.000000000000000000e+00
8.000000000000000444e-01,-1.000000000000000000e+00
1.000000000000000056e-01,1.000000000000000000e+00
1.000000000000000056e-01,1.000000000000000000e+00
3.499999999999999778e-01,1.000000000000000000e+00
4.400000000000000022e-01,0.000000000000000000e+00
3.499999999999999778e-01,1.000000000000000000e+00
4.400000000000000022e-01,0.000000000000000000e+00
8.000000000000000444e-01,1.000000000000000000e+00
3.499999999999999778e-01,1.000000000000000000e+00
3.499999999999999778e-01,1.000000000000000000e+00
3.499999999999999778e-01,1.000000000000000000e+00
3.499999999999999778e-01,1.000000000000000000e+00
3.499999999999999778e-01,1.000000000000000000e+00
3.499999999999999778e-01,1.000000000000000000e+00
3.499999999999999778e-01,1.000000000000000000e+00
3.499999999999999778e-01,1.000000000000000000e+00
3.499999999999999778e-01,1.000000000000000000e+00
3.499999999999999778e-01,1.000000000000000000e+00
3.499999999999999778e-01,1.000000000000000000e+00
3.499999999999999778e-01,1.000000000000000000e+00
3.499999999999999778e-01,1.000000000000000000e+00
3.499999999999999778e-01,1.000000000000000000e+00
1.000000000000000056e-01,1.000000000000000000e+00
1.000000000000000056e-01,1.000000000000000000e+00
1.000000000000000056e-01,1.000000000000000000e+00
1.000000000000000056e-01,0.000000000000000000e+00
1.000000000000000056e-01,-1.258571762038148689e-01
1.000000000000000056e-01,0.000000000000000000e+00
1.000000000000000056e-01,0.000000000000000000e+00
1.000000000000000056e-01,0.000000000000000000e+00
1.000000000000000056e-01,0.000000000000000000e+00
1.000000000000000056e-01,1.000000000000000000e+00
1.000000000000000056e-01,-2.172717806317250866e-01
1.000000000000000056e-01,0.000000000000000000e+00
1.000000000000000056e-01,0.000000000000000000e+00
1.000000000000000056e-01,0.000000000000000000e+00
1.000000000000000056e-01,0.000000000000000000e+00
1.000000000000000056e-01,0.000000000000000000e+00
1.000000000000000056e-01,0.000000000000000000e+00
1.000000000000000056e-01,0.000000000000000000e+00
1.000000000000000056e-01,0.000000000000000000e+00
1.000000000000000056e-01,0.000000000000000000e+00
1.000000000000000056e-01,0.000000000000000000e+00
1.000000000000000056e-01,0.000000000000000000e+00
1.000000000000000056e-01,0.000000000000000000e+00
1.000000000000000056e-01,0.000000000000000000e+00
1.000000000000000056e-01,0.000000000000000000e+00
1.000000000000000056e-01,0.000000000000000000e+00
1.000000000000000056e-01,0.000000000000000000e+00
1.000000000000000056e-01,0.000000000000000000e+00
1.000000000000000056e-01,0.000000000000000000e+00
1.000000000000000056e-01,0.000000000000000000e+00
1.000000000000000056e-01,0.000000000000000000e+00
1.000000000000000056e-01,0.000000000000000000e+00
1.000000000000000056e-01,0.000000000000000000e+00
1.000000000000000056e-01,0.000000000000000000e+00
1.000000000000000056e-01,0.000000000000000000e+00
1.000000000000000056e-01,0.000000000000000000e+00
1.000000000000000056e-01,0.000000000000000000e+00
1.000000000000000056e-01,0.000000000000000000e+00
1.000000000000000056e-01,0.000000000000000000e+00
1.000000000000000056e-01,0.000000000000000000e+00
1.000000000000000056e-01,0.000000000000000000e+00
1.000000000000000056e-01,0.000000000000000000e+00
1.000000000000000056e-01,0.000000000000000000e+00
1.000000000000000056e-01,0.000000000000000000e+00
1.000000000000000056e-01,0.000000000000000000e+00
1.000000000000000056e-01,0.000000000000000000e+00
1.000000000000000056e-01,0.000000000000000000e+00
1.000000000000000056e-01,0.000000000000000000e+00
1.000000000000000056e-01,0.000000000000000000e+00
1.000000000000000056e-01,0.000000000000000000e+00
1.000000000000000056e-01,0.000000000000000000e+00
1.000000000000000056e-01,0.000000000000000000e+00
1.000000000000000056e-01,0.000000000000000000e+00
1.000000000000000056e-01,0.000000000000000000e+00
1.000000000000000056e-01,0.000000000000000000e+00
1.000000000000000056e-01,0.000000000000000000e+00
1.000000000000000056e-01,0.000000000000000000e+00
1.000000000000000056e-01,0.000000000000000000e+00
1.000000000000000056e-01,0.000000000000000000e+00
1.000000000000000056e-01,0.000000000000000000e+00
1.000000000000000056e-01,0.000000000000000000e+00
1.000000000000000056e-01,0.000000000000000000e+00
1.000000000000000056e-01,0.000000000000000000e+00
1.000000000000000056e-01,0.000000000000000000e+00
1.000000000000000056e-01,0.000000000000000000e+00
1.000000000000000056e-01,0.000000000000000000e+00
1.000000000000000056e-01,0.000000000000000000e+00
1.000000000000000056e-01,0.000000000000000000e+00
1.000000000000000056e-01,0.000000000000000000e+00
1.000000000000000056e-01,0.000000000000000000e+00
1.000000000000000056e-01,0.000000000000000000e+00
1.000000000000000056e-01,0.000000000000000000e+00
1.000000000000000056e-01,0.000000000000000000e+00
1.000000000000000056e-01,0.000000000000000000e+00
1.000000000000000056e-01,0.000000000000000000e+00
1.000000000000000056e-01,-1.000000000000000000e+00
1.000000000000000056e-01,-1.000000000000000000e+00
1.000000000000000056e-01,0.000000000000000000e+00
1.000000000000000056e-01,-1.000000000000000000e+00
1.000000000000000056e-01,-1.000000000000000000e+00
1.000000000000000056e-01,0.000000000000000000e+00
1.000000000000000056e-01,-1.000000000000000000e+00
1.000000000000000056e-01,-1.000000000000000000e+00
1.000000000000000056e-01,0.000000000000000000e+00
1.000000000000000056e-01,-1.000000000000000000e+00
1.000000000000000056e-01,-1.000000000000000000e+00
1.000000000000000056e-01,0.000000000000000000e+00
1.000000000000000056e-01,-1.000000000000000000e+00
1.000000000000000056e-01,-1.000000000000000000e+00
1.000000000000000056e-01,0.000000000000000000e+00
1.000000000000000056e-01,-1.000000000000000000e+00
1.000000000000000056e-01,-1.000000000000000000e+00
1.000000000000000056e-01,0.000000000000000000e+00
1.000000000000000056e-01,-1.000000000000000000e+00
1.000000000000000056e-01,-1.000000000000000000e+00
1.000000000000000056e-01,0.000000000000000000e+00
1.000000000000000056e-01,-1.000000000000000000e+00
1.000000000000000056e-01,-1.000000000000000000e+00
1.000000000000000056e-01,0.000000000000000000e+00
1.000000000000000056e-01,-1.000000000000000000e+00
1.000000000000000056e-01,-1.000000000000000000e+00
1.000000000000000056e-01,0.000000000000000000e+00
1.000000000000000056e-01,-1.000000000000000000e+00
1.000000000000000056e-01,-1.000000000000000000e+00
1.000000000000000056e-01,0.000000000000000000e+00
1.000000000000000056e-01,-1.000000000000000000e+00
1.000000000000000056e-01,-1.000000000000000000e+00
