4.400000000000000022e-01,-7.135331736489886056e-01
4.400000000000000022e-01,-9.491947137767520193e-01
4.400000000000000022e-01,-9.817247379688941455e-01
4.400000000000000022e-01,-1.000000000000000000e+00
4.400000000000000022e-01,-1.000000000000000000e+00
4.400000000000000022e-01,-1.000000000000000000e+00
4.400000000000000022e-01,-1.000000000000000000e+00
4.400000000000000022e-01,-1.000000000000000000e+00
8.000000000000000444e-01,-1.000000000000000000e+00
8.000000000000000444e-01,-4.014735811047480674e-01
8.000000000000000444e-01,-2.299030178778158628e-01
8.000000000000000444e-01,-2.324027504056918048e-01
8.000000000000000444e-01,-1.713976434576965913e-01
8.000000000000000444e-01,-1.723099673133539067e-01
8.000000000000000444e-01,7.283868092691622165e-01
8.000000000000000444e-01,-4.396995113159818391e-02
8.000000000000000444e-01,-1.534992784992784687e-01
8.000000000000000444e-01,9.115384615384615197e-01
8.000000000000000444e-01,-8.937883616798143471e-01
8.000000000000000444e-01,8.104561101549052626e-01
8.000000000000000444e-01,-2.618487493589238824e-02
8.000000000000000444e-01,8.333333333333337034e-02
8.000000000000000444e-01,1.001299372752515460e-01
8.000000000000000444e-01,1.723830418535461373e-01
8.000000000000000444e-01,1.674664476509742927e-01
8.000000000000000444e-01,1.632130647469514084e-01
8.000000000000000444e-01,9.720358893659197808e-02
8.000000000000000444e-01,6.110398640436176532e-02
8.000000000000000444e-01,1.886167530317330865e-01
8.000000000000000444e-01,3.392856752525430508e-02
8.000000000000000444e-01,-8.055310930040032735e-01
8.000000000000000444e-01,-6.167697157914548978e-01
4.400000000000000022e-01,-7.811740890688257943e-01
8.000000000000000444e-01,1.000000000000000000e+00
3.499999999999999778e-01,1.000000000000000000e+00
4.400000000000000022e-01,-3.680652680652680697e-01
4.400000000000000022e-01,0.000000000000000000e+00
4.400000000000000022e-01,0.000000000000000000e+00
4.400000000000000022e-01,0.000000000000000000e+00
4.400000000000000022e-01,0.000000000000000000e+00
4.400000000000000022e-01,0.000000000000000000e+00
4.400000000000000022e-01,0.000000000000000000e+00
4.400000000000000022e-01,0.000000000000000000e+00
4.400000000000000022e-01,0.000000000000000000e+00
4.400000000000000022e-01,0.000000000000000000e+00
4.400000000000000022e-01,0.000000000000000000e+00
4.400000000000000022e-01,0.000000000000000000e+00
1.000000000000000056e-01,-1.000000000000000000e+00
1.000000000000000056e-01,-1.000000000000000000e+00
1.000000000000000056e-01,0.000000000000000000e+00
1.000000000000000056e-01,-1.000000000000000000e+00
1.000000000000000056e-01,-1.000000000000000000e+00
1.000000000000000056e-01,0.000000000000000000e+00
1.000000000000000056e-01,-1.000000000000000000e+00
1.000000000000000056e-01,-1.000000000000000000e+00
1.000000000000000056e-01,0.000000000000000000e+00
1.000000000000000056e-01,-1.000000000000000000e+00
1.000000000000000056e-01,-1.000000000000000000e+00
1.000000000000000056e-01,0.000000000000000000e+00
1.000000000000000056e-01,-1.000000000000000000e+00
1.000000000000000056e-01,-1.000000000000000000e+00
1.000000000000000056e-01,0.000000000000000000e+00
1.000000000000000056e-01,-1.000000000000000000e+00
1.000000000000000056e-01,-1.000000000000000000e+00
1.000000000000000056e-01,0.000000000000000000e+00
1.000000000000000056e-01,-1.000000000000000000e+00
1.000000000000000056e-01,-1.000000000000000000e+00
1.000000000000000056e-01,0.000000000000000000e+00
1.000000000000000056e-01,-1.000000000000000000e+00
1.000000000000000056e-01,-1.000000000000000000e+00
1.000000000000000056e-01,0.000000000000000000e+00
1.000000000000000056e-01,-1.000000000000000000e+00
1.000000000000000056e-01,-1.000000000000000000e+00
1.000000000000000056e-01,0.000000000000000000e+00
1.000000000000000056e-01,-1.000000000000000000e+00
1.000000000000000056e-01,-1.000000000000000000e+00
1.000000000000000056e-01,0.000000000000000000e+00
1.000000000000000056e-01,-1.000000000000000000e+00
1.000000000000000056e-01,-1.000000000000000000e+00
1.000000000000000056e-01,0.000000000000000000e+00
1.000000000000000056e-01,-1.000000000000000000e+00
1.000000000000000056e-01,-1.000000000000000000e+00
1.000000000000000056e-01,0.000000000000000000e+00
1.000000000000000056e-01,-1.000000000000000000e+00
1.000000000000000056e-01,-1.000000000000000000e+00
1.000000000000000056e-01,0.000000000000000000e+00
1.000000000000000056e-01,-1.000000000000000000e+00
1.000000000000000056e-01,-1.000000000000000000e+00
1.000000000000000056e-01,0.000000000000000000e+00
1.000000000000000056e-01,-1.000000000000000000e+00
1.000000000000000056e-01,-1.000000000000000000e+00
1.000000000000000056e-01,0.000000000000000000e+00
1.000000000000000056e-01,-1.000000000000000000e+00
1.000000000000000056e-01,-1.000000000000000000e+00
1.000000000000000056e-01,0.000000000000000000e+00
8.000000000000000444e-01,9.848484848484848064e-02
3.499999999999999778e-01,1.000000000000000000e+00
3.499999999999999778e-01,1.000000000000000000e+00
3.499999999999999778e-01,1.000000000000000000e+00
3.499999999999999778e-01,1.000000000000000000e+00
3.499999999999999778e-01,1.000000000000000000e+00
3.499999999999999778e-01,1.000000000000000000e+00
3.499999999999999778e-01,1.000000000000000000e+00
3.499999999999999778e-01,1.000000000000000000e+00
3.499999999999999778e-01,1.000000000000000000e+00
3.499999999999999778e-01,1.000000000000000000e+00
3.499999999999999778e-01,1.000000000000000000e+00
3.499999999999999778e-01,1.000000000000000000e+00
3.499999999999999778e-01,1.000000000000000000e+00
3.499999999999999778e-01,1.000000000000000000e+00
3.499999999999999778e-01,1.000000000000000000e+00
3.499999999999999778e-01,1.000000000000000000e+00
3.499999999999999778e-01,1.000000000000000000e+00
3.499999999999999778e-01,1.000000000000000000e+00
3.499999999999999778e-01,1.000000000000000000e+00
3.499999999999999778e-01,1.000000000000000000e+00
3.499999999999999778e-01,1.000000000000000000e+00
3.499999999999999778e-01,1.000000000000000000e+00
3.499999999999999778e-01,1.000000000000000000e+00
3.499999999999999778e-01,1.000000000000000000e+00
3.499999999999999778e-01,1.000000000000000000e+00
4.400000000000000022e-01,0.000000000000000000e+00
4.400000000000000022e-01,-3.362385762385762256e-01
4.400000000000000022e-01,0.000000000000000000e+00
4.400000000000000022e-01,0.000000000000000000e+00
4.400000000000000022e-01,0.000000000000000000e+00
4.400000000000000022e-01,0.000000000000000000e+00
4.400000000000000022e-01,0.000000000000000000e+00
4.400000000000000022e-01,0.000000000000000000e+00
4.400000000000000022e-01,0.000000000000000000e+00
4.400000000000000022e-01,0.000000000000000000e+00
4.400000000000000022e-01,0.000000000000000000e+00
4.400000000000000022e-01,0.000000000000000000e+00
1.000000000000000056e-01,-1.000000000000000000e+00
1.000000000000000056e-01,-1.000000000000000000e+00
1.000000000000000056e-01,0.000000000000000000e+00
1.000000000000000056e-01,-1.000000000000000000e+00
1.000000000000000056e-01,-1.000000000000000000e+00
1.000000000000000056e-01,0.000000000000000000e+00
1.000000000000000056e-01,-1.000000000000000000e+00
1.000000000000000056e-01,-1.000000000000000000e+00
1.000000000000000056e-01,0.000000000000000000e+00
1.000000000000000056e-01,-1.000000000000000000e+00
1.000000000000000056e-01,-1.000000000000000000e+00
1.000000000000000056e-01,0.000000000000000000e+00
1.000000000000000056e-01,-1.000000000000000000e+00
1.000000000000000056e-01,-1.000000000000000000e+00
1.000000000000000056e-01,0.000000000000000000e+00
1.000000000000000056e-01,-1.000000000000000000e+00
1.000000000000000056e-01,-1.000000000000000000e+00
1.000000000000000056e-01,0.000000000000000000e+00
1.000000000000000056e-01,-1.000000000000000000e+00
1.000000000000000056e-01,-1.000000000000000000e+00
1.000000000000000056e-01,0.000000000000000000e+00
1.000000000000000056e-01,-1.000000000000000000e+00
1.000000000000000056e-01,-1.000000000000000000e+00
1.000000000000000056e-01,0.000000000000000000e+00
1.000000000000000056e-01,-1.000000000000000000e+00
1.000000000000000056e-01,-1.000000000000000000e+00
1.000000000000000056e-01,0.000000000000000000e+00
1.000000000000000056e-01,-1.000000000000000000e+00
1.000000000000000056e-01,-1.000000000000000000e+00
1.000000000000000056e-01,0.000000000000000000e+00
1.000000000000000056e-01,-1.000000000000000000e+00
1.000000000000000056e-01,-1.000000000000000000e+00
1.000000000000000056e-01,0.000000000000000000e+00
1.000000000000000056e-01,-1.000000000000000000e+00
1.000000000000000056e-01,-1.000000000000000000e+00
1.000000000000000056e-01,0.000000000000000000e+00
1.000000000000000056e-01,-1.000000000000000000e+00
1.000000000000000056e-01,-1.000000000000000000e+00
1.000000000000000056e-01,0.000000000000000000e+00
1.000000000000000056e-01,-1.000000000000000000e+00
1.000000000000000056e-01,-1.000000000000000000e+00
1.000000000000000056e-01,0.000000000000000000e+00
1.000000000000000056e-01,-1.000000000000000000e+00
1.000000000000000056e-01,-1.000000000000000000e+00
1.000000000000000056e-01,0.000000000000000000e+00
1.000000000000000056e-01,-1.000000000000000000e+00
1.000000000000000056e-01,-1.000000000000000000e+00
1.000000000000000056e-01,0.000000000000000000e+00
8.000000000000000444e-01,1.000000000000000000e+00
3.499999999999999778e-01,1.000000000000000000e+00
8.000000000000000444e-01,1.000000000000000000e+00
8.000000000000000444e-01,1.000000000000000000e+00
4.400000000000000022e-01,0.000000000000000000e+00
4.400000000000000022e-01,1.000000000000000000e+00
4.400000000000000022e-01,8.817733990147783585e-01
4.400000000000000022e-01,4.468599033816422761e-02
4.400000000000000022e-01,4.227746956009427182e-01
4.400000000000000022e-01,7.588859020310634307e-01
4.400000000000000022e-01,0.000000000000000000e+00
4.400000000000000022e-01,-7.878787878787878451e-01
4.400000000000000022e-01,1.086559373640716419e-02
4.400000000000000022e-01,2.824626354038106690e-02
4.400000000000000022e-01,2.181244421777380760e-01
4.400000000000000022e-01,0.000000000000000000e+00
4.400000000000000022e-01,0.000000000000000000e+00
4.400000000000000022e-01,0.000000000000000000e+00
4.400000000000000022e-01,0.000000000000000000e+00
4.400000000000000022e-01,0.000000000000000000e+00
4.400000000000000022e-01,0.000000000000000000e+00
4.400000000000000022e-01,0.000000000000000000e+00
4.400000000000000022e-01,0.000000000000000000e+00
4.400000000000000022e-01,0.000000000000000000e+00
4.400000000000000022e-01,0.000000000000000000e+00
4.400000000000000022e-01,0.000000000000000000e+00
4.400000000000000022e-01,0.000000000000000000e+00
4.400000000000000022e-01,0.000000000000000000e+00
4.400000000000000022e-01,0.000000000000000000e+00
4.400000000000000022e-01,0.000000000000000000e+00
4.400000000000000022e-01,0.000000000000000000e+00
4.400000000000000022e-01,0.000000000000000000e+00
4.400000000000000022e-01,0.000000000000000000e+00
4.400000000000000022e-01,0.000000000000000000e+00
4.400000000000000022e-01,0.000000000000000000e+00
4.400000000000000022e-01,0.000000000000000000e+00
4.400000000000000022e-01,0.000000000000000000e+00
4.400000000000000022e-01,0.000000000000000000e+00
4.400000000000000022e-01,0.000000000000000000e+00
4.400000000000000022e-01,0.000000000000000000e+00
4.400000000000000022e-01,0.000000000000000000e+00
4.400000000000000022e-01,0.000000000000000000e+00
4.400000000000000022e-01,0.000000000000000000e+00
4.400000000000000022e-01,0.000000000000000000e+00
4.400000000000000022e-01,0.000000000000000000e+00
4.400000000000000022e-01,0.000000000000000000e+00
4.400000000000000022e-01,0.000000000000000000e+00
4.400000000000000022e-01,1.000000000000000000e+00
8.000000000000000444e-01,-7.907302309623325254e-01
8.000000000000000444e-01,-8.932083182763432827e-01
8.000000000000000444e-01,1.111126800781973012e-01
8.000000000000000444e-01,3.191708044739794969e-01
8.000000000000000444e-01,-8.414754043593337673e-01
8.000000000000000444e-01,1.788404549019966261e-01
8.000000000000000444e-01,1.525229672288496152e-01
8.000000000000000444e-01,7.643442954104717746e-02
8.000000000000000444e-01,2.871330947998832483e-01
8.000000000000000444e-01,-8.304430646724554332e-01
8.000000000000000444e-01,-7.806498240321768645e-01
8.000000000000000444e-01,-4.689882136310707383e-01
3.499999999999999778e-01,1.000000000000000000e+00
4.400000000000000022e-01,-6.570235655380584072e-01
8.000000000000000444e-01,1.000000000000000000e+00
4.400000000000000022e-01,0.000000000000000000e+00
4.400000000000000022e-01,0.000000000000000000e+00
4.400000000000000022e-01,0.000000000000000000e+00
4.400000000000000022e-01,0.000000000000000000e+00
4.400000000000000022e-01,0.000000000000000000e+00
4.400000000000000022e-01,0.000000000000000000e+00
4.400000000000000022e-01,0.000000000000000000e+00
4.400000000000000022e-01,0.000000000000000000e+00
4.400000000000000022e-01,0.000000000000000000e+00
4.400000000000000022e-01,0.000000000000000000e+00
4.400000000000000022e-01,0.000000000000000000e+00
1.000000000000000056e-01,-1.000000000000000000e+00
1.000000000000000056e-01,-1.000000000000000000e+00
1.000000000000000056e-01,0.000000000000000000e+00
1.000000000000000056e-01,-1.000000000000000000e+00
1.000000000000000056e-01,-1.000000000000000000e+00
1.000000000000000056e-01,0.000000000000000000e+00
1.000000000000000056e-01,-1.000000000000000000e+00
1.000000000000000056e-01,-1.000000000000000000e+00
1.000000000000000056e-01,0.000000000000000000e+00
1.000000000000000056e-01,-1.000000000000000000e+00
1.000000000000000056e-01,-1.000000000000000000e+00
1.000000000000000056e-01,0.000000000000000000e+00
1.000000000000000056e-01,-1.000000000000000000e+00
1.000000000000000056e-01,-1.000000000000000000e+00
1.000000000000000056e-01,0.000000000000000000e+00
1.000000000000000056e-01,-1.000000000000000000e+00
1.000000000000000056e-01,-1.000000000000000000e+00
1.000000000000000056e-01,0.000000000000000000e+00
1.000000000000000056e-01,-1.000000000000000000e+00
1.000000000000000056e-01,-1.000000000000000000e+00
1.000000000000000056e-01,0.000000000000000000e+00
1.000000000000000056e-01,-1.000000000000000000e+00
1.000000000000000056e-01,-1.000000000000000000e+00
1.000000000000000056e-01,0.000000000000000000e+00
1.000000000000000056e-01,-1.000000000000000000e+00
1.000000000000000056e-01,-1.000000000000000000e+00
1.000000000000000056e-01,0.000000000000000000e+00
1.000000000000000056e-01,-1.000000000000000000e+00
1.000000000000000056e-01,-1.000000000000000000e+00
1.000000000000000056e-01,0.000000000000000000e+00
1.000000000000000056e-01,-1.000000000000000000e+00
1.000000000000000056e-01,-1.000000000000000000e+00
1.000000000000000056e-01,0.000000000000000000e+00
1.000000000000000056e-01,-1.000000000000000000e+00
1.000000000000000056e-01,-1.000000000000000000e+00
1.000000000000000056e-01,0.000000000000000000e+00
1.000000000000000056e-01,-1.000000000000000000e+00
1.000000000000000056e-01,-1.000000000000000000e+00
1.000000000000000056e-01,0.000000000000000000e+00
1.000000000000000056e-01,-1.000000000000000000e+00
1.000000000000000056e-01,-1.000000000000000000e+00
1.000000000000000056e-01,0.000000000000000000e+00
1.000000000000000056e-01,-1.000000000000000000e+00
1.000000000000000056e-01,-1.000000000000000000e+00
1.000000000000000056e-01,0.000000000000000000e+00
1.000000000000000056e-01,-1.000000000000000000e+00
1.000000000000000056e-01,-1.000000000000000000e+00
1.000000000000000056e-01,0.000000000000000000e+00
8.000000000000000444e-01,-9.296475513839487226e-01
8.000000000000000444e-01,2.739154733959159316e-02
8.000000000000000444e-01,-4.815196120808207247e-02
8.000000000000000444e-01,-9.278933092224231904e-01
8.000000000000000444e-01,-4.078997144548590637e-02
4.400000000000000022e-01,-1.615457713018686459e-02
4.400000000000000022e-01,2.243589743589744501e-01
4.400000000000000022e-01,4.519349694623292502e-01
4.400000000000000022e-01,-1.323224323224322374e-01
4.400000000000000022e-01,-1.000000000000000000e+00
4.400000000000000022e-01,8.362428160919540554e-01
4.400000000000000022e-01,7.213455149501660779e-01
4.400000000000000022e-01,-1.000000000000000000e+00
4.400000000000000022e-01,-7.142857142857143016e-01
4.400000000000000022e-01,0.000000000000000000e+00
4.400000000000000022e-01,0.000000000000000000e+00
4.400000000000000022e-01,0.000000000000000000e+00
4.400000000000000022e-01,0.000000000000000000e+00
4.400000000000000022e-01,0.000000000000000000e+00
4.400000000000000022e-01,0.000000000000000000e+00
4.400000000000000022e-01,0.000000000000000000e+00
4.400000000000000022e-01,0.000000000000000000e+00
4.400000000000000022e-01,0.000000000000000000e+00
4.400000000000000022e-01,0.000000000000000000e+00
4.400000000000000022e-01,0.000000000000000000e+00
4.400000000000000022e-01,0.000000000000000000e+00
4.400000000000000022e-01,0.000000000000000000e+00
4.400000000000000022e-01,0.000000000000000000e+00
4.400000000000000022e-01,0.000000000000000000e+00
4.400000000000000022e-01,0.000000000000000000e+00
4.400000000000000022e-01,0.000000000000000000e+00
4.400000000000000022e-01,0.000000000000000000e+00
4.400000000000000022e-01,0.000000000000000000e+00
4.400000000000000022e-01,0.000000000000000000e+00
4.400000000000000022e-01,0.000000000000000000e+00
4.400000000000000022e-01,0.000000000000000000e+00
4.400000000000000022e-01,0.000000000000000000e+00
4.400000000000000022e-01,0.000000000000000000e+00
4.400000000000000022e-01,0.000000000000000000e+00
4.400000000000000022e-01,0.000000000000000000e+00
4.400000000000000022e-01,0.000000000000000000e+00
4.400000000000000022e-01,0.000000000000000000e+00
4.400000000000000022e-01,0.000000000000000000e+00
4.400000000000000022e-01,0.000000000000000000e+00
4.400000000000000022e-01,0.000000000000000000e+00
4.400000000000000022e-01,0.000000000000000000e+00
4.400000000000000022e-01,1.000000000000000000e+00
4.400000000000000022e-01,1.000000000000000000e+00
8.000000000000000444e-01,5.596750946648356706e-01
8.000000000000000444e-01,6.077309590798786187e-01
8.000000000000000444e-01,4.651554836083329203e-01
1.000000000000000056e-01,-7.853855703961420964e-01
1.000000000000000056e-01,4.655167338476472461e-01
1.000000000000000056e-01,-8.372880163113676222e-01
1.000000000000000056e-01,4.875320139374368367e-01
1.000000000000000056e-01,3.632873630825654843e-01
1.000000000000000056e-01,-8.707173101885868904e-01
1.000000000000000056e-01,-7.614539147425881671e-01
8.000000000000000444e-01,-8.271596244131455000e-01
8.000000000000000444e-01,2.627457233506690359e-01
1.000000000000000056e-01,3.518655257785691104e-01
1.000000000000000056e-01,-7.645382790797479178e-01
1.000000000000000056e-01,3.999137975319686511e-01
1.000000000000000056e-01,4.922654219444185797e-01
1.000000000000000056e-01,4.055667610725000038e-01
1.000000000000000056e-01,3.616343424312639110e-01
1.000000000000000056e-01,4.575533391592080390e-01
1.000000000000000056e-01,4.275334977654334789e-01
1.000000000000000056e-01,-8.257063532281496698e-01
1.000000000000000056e-01,3.355900720629881873e-01
1.000000000000000056e-01,-7.081926397087208169e-01
1.000000000000000056e-01,3.824402683849690288e-01
1.000000000000000056e-01,-8.109793377820651017e-01
1.000000000000000056e-01,-7.921476781319652938e-01
1.000000000000000056e-01,4.770514240281681362e-01
1.000000000000000056e-01,-8.304199183456150157e-01
1.000000000000000056e-01,6.620787698167640567e-02
1.000000000000000056e-01,0.000000000000000000e+00
1.000000000000000056e-01,0.000000000000000000e+00
1.000000000000000056e-01,0.000000000000000000e+00
1.000000000000000056e-01,0.000000000000000000e+00
1.000000000000000056e-01,0.000000000000000000e+00
1.000000000000000056e-01,0.000000000000000000e+00
1.000000000000000056e-01,0.000000000000000000e+00
1.000000000000000056e-01,0.000000000000000000e+00
1.000000000000000056e-01,1.000000000000000000e+00
1.000000000000000056e-01,-6.461057581421928431e-01
1.000000000000000056e-01,-8.035714285714286031e-01
1.000000000000000056e-01,1.000000000000000000e+00
1.000000000000000056e-01,0.000000000000000000e+00
1.000000000000000056e-01,-7.724358974358974672e-01
1.000000000000000056e-01,7.148157716604560674e-01
1.000000000000000056e-01,-6.666666666666666297e-01
1.000000000000000056e-01,1.000000000000000000e+00
1.000000000000000056e-01,0.000000000000000000e+00
1.000000000000000056e-01,0.000000000000000000e+00
1.000000000000000056e-01,0.000000000000000000e+00
1.000000000000000056e-01,0.000000000000000000e+00
1.000000000000000056e-01,0.000000000000000000e+00
1.000000000000000056e-01,0.000000000000000000e+00
1.000000000000000056e-01,0.000000000000000000e+00
1.000000000000000056e-01,0.000000000000000000e+00
1.000000000000000056e-01,0.000000000000000000e+00
1.000000000000000056e-01,0.000000000000000000e+00
1.000000000000000056e-01,0.000000000000000000e+00
1.000000000000000056e-01,0.000000000000000000e+00
1.000000000000000056e-01,0.000000000000000000e+00
1.000000000000000056e-01,0.000000000000000000e+00
1.000000000000000056e-01,1.000000000000000000e+00
1.000000000000000056e-01,-6.409360480789052517e-01
1.000000000000000056e-01,-6.688215488215487614e-01
1.000000000000000056e-01,-3.702813832809622729e-01
1.000000000000000056e-01,1.000000000000000000e+00
1.000000000000000056e-01,-6.365692153923038221e-01
1.000000000000000056e-01,-7.142857142857142461e-02
1.000000000000000056e-01,1.000000000000000000e+00
1.000000000000000056e-01,-4.820339831839168254e-01
1.000000000000000056e-01,0.000000000000000000e+00
1.000000000000000056e-01,0.000000000000000000e+00
1.000000000000000056e-01,0.000000000000000000e+00
1.000000000000000056e-01,0.000000000000000000e+00
1.000000000000000056e-01,0.000000000000000000e+00
1.000000000000000056e-01,0.000000000000000000e+00
1.000000000000000056e-01,0.000000000000000000e+00
1.000000000000000056e-01,0.000000000000000000e+00
1.000000000000000056e-01,0.000000000000000000e+00
1.000000000000000056e-01,0.000000000000000000e+00
1.000000000000000056e-01,0.000000000000000000e+00
1.000000000000000056e-01,0.000000000000000000e+00
1.000000000000000056e-01,0.000000000000000000e+00
1.000000000000000056e-01,0.000000000000000000e+00
1.000000000000000056e-01,0.000000000000000000e+00
1.000000000000000056e-01,0.000000000000000000e+00
1.000000000000000056e-01,0.000000000000000000e+00
1.000000000000000056e-01,0.000000000000000000e+00
1.000000000000000056e-01,0.000000000000000000e+00
1.000000000000000056e-01,0.000000000000000000e+00
1.000000000000000056e-01,0.000000000000000000e+00
1.000000000000000056e-01,0.000000000000000000e+00
1.000000000000000056e-01,0.000000000000000000e+00
1.000000000000000056e-01,0.000000000000000000e+00
1.000000000000000056e-01,0.000000000000000000e+00
1.000000000000000056e-01,0.000000000000000000e+00
1.000000000000000056e-01,0.000000000000000000e+00
1.000000000000000056e-01,0.000000000000000000e+00
1.000000000000000056e-01,0.000000000000000000e+00
1.000000000000000056e-01,0.000000000000000000e+00
1.000000000000000056e-01,0.000000000000000000e+00
1.000000000000000056e-01,0.000000000000000000e+00
1.000000000000000056e-01,0.000000000000000000e+00
1.000000000000000056e-01,0.000000000000000000e+00
1.000000000000000056e-01,0.000000000000000000e+00
1.000000000000000056e-01,0.000000000000000000e+00
1.000000000000000056e-01,0.000000000000000000e+00
1.000000000000000056e-01,0.000000000000000000e+00
1.000000000000000056e-01,0.000000000000000000e+00
1.000000000000000056e-01,0.000000000000000000e+00
1.000000000000000056e-01,0.000000000000000000e+00
1.000000000000000056e-01,0.000000000000000000e+00
1.000000000000000056e-01,0.000000000000000000e+00
1.000000000000000056e-01,0.000000000000000000e+00
1.000000000000000056e-01,0.000000000000000000e+00
1.000000000000000056e-01,0.000000000000000000e+00
1.000000000000000056e-01,0.000000000000000000e+00
1.000000000000000056e-01,0.000000000000000000e+00
1.000000000000000056e-01,0.000000000000000000e+00
1.000000000000000056e-01,0.000000000000000000e+00
1.000000000000000056e-01,-1.000000000000000000e+00
1.000000000000000056e-01,-1.000000000000000000e+00
1.000000000000000056e-01,0.000000000000000000e+00
1.000000000000000056e-01,-1.000000000000000000e+00
1.000000000000000056e-01,-1.000000000000000000e+00
1.000000000000000056e-01,0.000000000000000000e+00
1.000000000000000056e-01,-1.000000000000000000e+00
1.000000000000000056e-01,-1.000000000000000000e+00
1.000000000000000056e-01,0.000000000000000000e+00
1.000000000000000056e-01,-1.000000000000000000e+00
1.000000000000000056e-01,-1.000000000000000000e+00
1.000000000000000056e-01,0.000000000000000000e+00
1.000000000000000056e-01,-1.000000000000000000e+00
1.000000000000000056e-01,-1.000000000000000000e+00
1.000000000000000056e-01,0.000000000000000000e+00
1.000000000000000056e-01,-1.000000000000000000e+00
1.000000000000000056e-01,-1.000000000000000000e+00
1.000000000000000056e-01,0.000000000000000000e+00
1.000000000000000056e-01,-1.000000000000000000e+00
1.000000000000000056e-01,-1.000000000000000000e+00
1.000000000000000056e-01,0.000000000000000000e+00
1.000000000000000056e-01,-1.000000000000000000e+00
1.000000000000000056e-01,-1.000000000000000000e+00
1.000000000000000056e-01,0.000000000000000000e+00
1.000000000000000056e-01,-1.000000000000000000e+00
1.000000000000000056e-01,0.000000000000000000e+00
1.000000000000000056e-01,-2.939133363839739332e-01
1.000000000000000056e-01,-1.000000000000000000e+00
1.000000000000000056e-01,-1.000000000000000000e+00
1.000000000000000056e-01,0.000000000000000000e+00
1.000000000000000056e-01,-1.000000000000000000e+00
1.000000000000000056e-01,-1.000000000000000000e+00
1.000000000000000056e-01,0.000000000000000000e+00
1.000000000000000056e-01,-1.000000000000000000e+00
1.000000000000000056e-01,-1.000000000000000000e+00
1.000000000000000056e-01,0.000000000000000000e+00
1.000000000000000056e-01,-1.000000000000000000e+00
1.000000000000000056e-01,-1.000000000000000000e+00
1.000000000000000056e-01,0.000000000000000000e+00
1.000000000000000056e-01,-1.000000000000000000e+00
1.000000000000000056e-01,-1.000000000000000000e+00
1.000000000000000056e-01,0.000000000000000000e+00
1.000000000000000056e-01,-1.000000000000000000e+00
1.000000000000000056e-01,-1.000000000000000000e+00
1.000000000000000056e-01,0.000000000000000000e+00
1.000000000000000056e-01,-1.000000000000000000e+00
1.000000000000000056e-01,-1.000000000000000000e+00
1.000000000000000056e-01,0.000000000000000000e+00
1.000000000000000056e-01,-1.000000000000000000e+00
1.000000000000000056e-01,-1.000000000000000000e+00
1.000000000000000056e-01,0.000000000000000000e+00
1.000000000000000056e-01,9.143527134668372192e-03
1.000000000000000056e-01,-1.434467348989609814e-02
1.000000000000000056e-01,-9.287420238187501509e-01
1.000000000000000056e-01,-7.874926490243249200e-01
1.000000000000000056e-01,-8.686913391024880804e-01
1.000000000000000056e-01,-2.956711977072802311e-01
1.000000000000000056e-01,7.617629548056809030e-01
1.000000000000000056e-01,-1.914156074792109363e-01
1.000000000000000056e-01,-2.607726812504103098e-01
1.000000000000000056e-01,8.118077365998064288e-01
1.000000000000000056e-01,-9.208176796994504976e-02
1.000000000000000056e-01,-7.498991732204074445e-02
1.000000000000000056e-01,-1.046854082998661672e-01
1.000000000000000056e-01,-9.432267580478803648e-02
1.000000000000000056e-01,7.945205479452055464e-01
1.000000000000000056e-01,2.769394142633578859e-01
1.000000000000000056e-01,-1.113142449875841322e-01
1.000000000000000056e-01,5.457485050057098164e-02
1.000000000000000056e-01,-1.484007509834084360e-02
1.000000000000000056e-01,2.574702031223774501e-02
1.000000000000000056e-01,1.000000000000000000e+00
1.000000000000000056e-01,1.296296296296296502e-01
1.000000000000000056e-01,-1.000000000000000000e+00
1.000000000000000056e-01,1.819831465869333753e-01
1.000000000000000056e-01,7.449628844114530857e-02
1.000000000000000056e-01,-8.949776401788785973e-01
1.000000000000000056e-01,-1.438785578747628913e-01
1.000000000000000056e-01,-2.419984387197504638e-02
1.000000000000000056e-01,-5.982142857142858094e-02
1.000000000000000056e-01,9.892857142857142128e-01
1.000000000000000056e-01,-6.052256749518392098e-02
1.000000000000000056e-01,1.469013846673420387e-01
1.000000000000000056e-01,6.814787154592960583e-02
1.000000000000000056e-01,1.258958687311246827e-01
1.000000000000000056e-01,1.704124687849823960e-01
1.000000000000000056e-01,1.630817573633758233e-02
1.000000000000000056e-01,-2.459490292385568821e-03
1.000000000000000056e-01,-6.917696040164678095e-03
1.000000000000000056e-01,-3.350624286108194738e-02
1.000000000000000056e-01,-1.000000000000000000e+00
1.000000000000000056e-01,-1.000000000000000000e+00
1.000000000000000056e-01,8.762114041018707056e-01
1.000000000000000056e-01,-1.053031143571090400e-01
1.000000000000000056e-01,7.818176096975330003e-01
1.000000000000000056e-01,5.201819608805513528e-02
1.000000000000000056e-01,-1.111111111111111605e-01
1.000000000000000056e-01,1.322358934583722778e-01
1.000000000000000056e-01,3.093807753709454378e-02
1.000000000000000056e-01,4.388689114089516785e-03
1.000000000000000056e-01,-1.449390567037633915e-02
1.000000000000000056e-01,-1.939393939393951882e-02
1.000000000000000056e-01,9.692307692307692291e-01
1.000000000000000056e-01,-1.000000000000000000e+00
1.000000000000000056e-01,7.213114754098360892e-01
1.000000000000000056e-01,-1.744107744107743496e-01
1.000000000000000056e-01,-9.576086956521738802e-01
1.000000000000000056e-01,9.661016949152542166e-01
1.000000000000000056e-01,-1.000000000000000000e+00
1.000000000000000056e-01,8.214285714285713969e-01
1.000000000000000056e-01,-1.000000000000000000e+00
1.000000000000000056e-01,8.459287531806616300e-01
1.000000000000000056e-01,9.555555555555556024e-01
1.000000000000000056e-01,-9.620370370370370239e-01
1.000000000000000056e-01,-8.545505592989892651e-01
1.000000000000000056e-01,1.000000000000000000e+00
1.000000000000000056e-01,-8.376417658517679721e-01
1.000000000000000056e-01,9.451127819548872377e-01
1.000000000000000056e-01,-1.000000000000000000e+00
1.000000000000000056e-01,8.217357910906296636e-01
1.000000000000000056e-01,-8.534650177487690392e-01
1.000000000000000056e-01,8.684148077835784907e-01
1.000000000000000056e-01,-7.286821705426356210e-01
1.000000000000000056e-01,8.852749852158485755e-01
1.000000000000000056e-01,0.000000000000000000e+00
1.000000000000000056e-01,0.000000000000000000e+00
1.000000000000000056e-01,0.000000000000000000e+00
1.000000000000000056e-01,0.000000000000000000e+00
1.000000000000000056e-01,0.000000000000000000e+00
1.000000000000000056e-01,0.000000000000000000e+00
1.000000000000000056e-01,0.000000000000000000e+00
1.000000000000000056e-01,0.000000000000000000e+00
1.000000000000000056e-01,0.000000000000000000e+00
1.000000000000000056e-01,0.000000000000000000e+00
1.000000000000000056e-01,0.000000000000000000e+00
1.000000000000000056e-01,0.000000000000000000e+00
1.000000000000000056e-01,0.000000000000000000e+00
1.000000000000000056e-01,0.000000000000000000e+00
1.000000000000000056e-01,0.000000000000000000e+00
1.000000000000000056e-01,0.000000000000000000e+00
1.000000000000000056e-01,0.000000000000000000e+00
1.000000000000000056e-01,0.000000000000000000e+00
1.000000000000000056e-01,0.000000000000000000e+00
1.000000000000000056e-01,0.000000000000000000e+00
1.000000000000000056e-01,0.000000000000000000e+00
1.000000000000000056e-01,0.000000000000000000e+00
1.000000000000000056e-01,0.000000000000000000e+00
1.000000000000000056e-01,0.000000000000000000e+00
1.000000000000000056e-01,0.000000000000000000e+00
1.000000000000000056e-01,0.000000000000000000e+00
1.000000000000000056e-01,0.000000000000000000e+00
1.000000000000000056e-01,0.000000000000000000e+00
1.000000000000000056e-01,0.000000000000000000e+00
1.000000000000000056e-01,0.000000000000000000e+00
1.000000000000000056e-01,0.000000000000000000e+00
1.000000000000000056e-01,0.000000000000000000e+00
1.000000000000000056e-01,0.000000000000000000e+00
1.000000000000000056e-01,0.000000000000000000e+00
1.000000000000000056e-01,0.000000000000000000e+00
1.000000000000000056e-01,0.000000000000000000e+00
1.000000000000000056e-01,0.000000000000000000e+00
1.000000000000000056e-01,0.000000000000000000e+00
1.000000000000000056e-01,0.000000000000000000e+00
1.000000000000000056e-01,0.000000000000000000e+00
1.000000000000000056e-01,0.000000000000000000e+00
1.000000000000000056e-01,0.000000000000000000e+00
1.000000000000000056e-01,0.000000000000000000e+00
1.000000000000000056e-01,0.000000000000000000e+00
1.000000000000000056e-01,0.000000000000000000e+00
1.000000000000000056e-01,0.000000000000000000e+00
1.000000000000000056e-01,0.000000000000000000e+00
1.000000000000000056e-01,0.000000000000000000e+00
1.000000000000000056e-01,0.000000000000000000e+00
1.000000000000000056e-01,0.000000000000000000e+00
1.000000000000000056e-01,0.000000000000000000e+00
1.000000000000000056e-01,0.000000000000000000e+00
1.000000000000000056e-01,0.000000000000000000e+00
1.000000000000000056e-01,0.000000000000000000e+00
1.000000000000000056e-01,0.000000000000000000e+00
1.000000000000000056e-01,0.000000000000000000e+00
1.000000000000000056e-01,0.000000000000000000e+00
1.000000000000000056e-01,0.000000000000000000e+00
1.000000000000000056e-01,0.000000000000000000e+00
1.000000000000000056e-01,0.000000000000000000e+00
1.000000000000000056e-01,0.000000000000000000e+00
1.000000000000000056e-01,0.000000000000000000e+00
1.000000000000000056e-01,0.000000000000000000e+00
1.000000000000000056e-01,0.000000000000000000e+00
1.000000000000000056e-01,0.000000000000000000e+00
1.000000000000000056e-01,0.000000000000000000e+00
1.000000000000000056e-01,0.000000000000000000e+00
1.000000000000000056e-01,0.000000000000000000e+00
1.000000000000000056e-01,0.000000000000000000e+00
1.000000000000000056e-01,0.000000000000000000e+00
1.000000000000000056e-01,0.000000000000000000e+00
1.000000000000000056e-01,0.000000000000000000e+00
1.000000000000000056e-01,0.000000000000000000e+00
1.000000000000000056e-01,0.000000000000000000e+00
1.000000000000000056e-01,0.000000000000000000e+00
1.000000000000000056e-01,0.000000000000000000e+00
1.000000000000000056e-01,0.000000000000000000e+00
1.000000000000000056e-01,0.000000000000000000e+00
1.000000000000000056e-01,0.000000000000000000e+00
1.000000000000000056e-01,0.000000000000000000e+00
1.000000000000000056e-01,0.000000000000000000e+00
1.000000000000000056e-01,0.000000000000000000e+00
1.000000000000000056e-01,0.000000000000000000e+00
1.000000000000000056e-01,0.000000000000000000e+00
1.000000000000000056e-01,0.000000000000000000e+00
1.000000000000000056e-01,0.000000000000000000e+00
1.000000000000000056e-01,0.000000000000000000e+00
1.000000000000000056e-01,0.000000000000000000e+00
1.000000000000000056e-01,0.000000000000000000e+00
1.000000000000000056e-01,0.000000000000000000e+00
1.000000000000000056e-01,0.000000000000000000e+00
1.000000000000000056e-01,0.000000000000000000e+00
1.000000000000000056e-01,0.000000000000000000e+00
1.000000000000000056e-01,0.000000000000000000e+00
1.000000000000000056e-01,0.000000000000000000e+00
1.000000000000000056e-01,0.000000000000000000e+00
1.000000000000000056e-01,0.000000000000000000e+00
1.000000000000000056e-01,0.000000000000000000e+00
1.000000000000000056e-01,0.000000000000000000e+00
1.000000000000000056e-01,0.000000000000000000e+00
1.000000000000000056e-01,0.000000000000000000e+00
4.400000000000000022e-01,1.000000000000000000e+00
4.400000000000000022e-01,1.000000000000000000e+00
4.400000000000000022e-01,-1.000000000000000000e+00
8.000000000000000444e-01,0.000000000000000000e+00
4.400000000000000022e-01,0.000000000000000000e+00
8.000000000000000444e-01,-9.818599083583917642e-01
8.000000000000000444e-01,-1.000000000000000000e+00
8.000000000000000444e-01,-1.597360328570025523e-01
8.000000000000000444e-01,-1.261056475587126746e-01
8.000000000000000444e-01,3.892902566610434434e-02
8.000000000000000444e-01,-2.404771750955614351e-02
8.000000000000000444e-01,-5.702502231400319310e-02
8.000000000000000444e-01,-7.964617023087361414e-02
8.000000000000000444e-01,8.457291840162617369e-02
8.000000000000000444e-01,2.137545720687472617e-02
8.000000000000000444e-01,2.797996278459458086e-02
8.000000000000000444e-01,9.248239422215642769e-03
8.000000000000000444e-01,1.121236941725461955e-01
8.000000000000000444e-01,1.379101256925457930e-01
8.000000000000000444e-01,1.818260356835984526e-01
8.000000000000000444e-01,1.516981621829135429e-01
8.000000000000000444e-01,-8.890176518669944405e-01
8.000000000000000444e-01,-9.125021247662756796e-01
8.000000000000000444e-01,1.000000000000000000e+00
8.000000000000000444e-01,3.409090909090906063e-02
8.000000000000000444e-01,-1.204981940166897081e-01
8.000000000000000444e-01,1.609625668449198299e-01
8.000000000000000444e-01,1.071428571428572063e-01
8.000000000000000444e-01,-1.926416047097589956e-01
8.000000000000000444e-01,3.339319217368008630e-02
8.000000000000000444e-01,1.000000000000000000e+00
8.000000000000000444e-01,1.972459256546420514e-01
8.000000000000000444e-01,-7.189989680082559120e-01
8.000000000000000444e-01,8.818702828685621720e-01
8.000000000000000444e-01,-5.344966261808365982e-01
8.000000000000000444e-01,-6.192164045105221781e-01
4.400000000000000022e-01,-4.266223343269892609e-01
3.499999999999999778e-01,1.000000000000000000e+00
4.400000000000000022e-01,-8.108108108108108558e-02
4.400000000000000022e-01,0.000000000000000000e+00
4.400000000000000022e-01,0.000000000000000000e+00
4.400000000000000022e-01,0.000000000000000000e+00
4.400000000000000022e-01,0.000000000000000000e+00
4.400000000000000022e-01,0.000000000000000000e+00
4.400000000000000022e-01,0.000000000000000000e+00
4.400000000000000022e-01,0.000000000000000000e+00
4.400000000000000022e-01,0.000000000000000000e+00
4.400000000000000022e-01,0.000000000000000000e+00
4.400000000000000022e-01,0.000000000000000000e+00
4.400000000000000022e-01,0.000000000000000000e+00
1.000000000000000056e-01,-1.000000000000000000e+00
1.000000000000000056e-01,-1.000000000000000000e+00
1.000000000000000056e-01,0.000000000000000000e+00
1.000000000000000056e-01,-1.000000000000000000e+00
1.000000000000000056e-01,-1.000000000000000000e+00
1.000000000000000056e-01,0.000000000000000000e+00
1.000000000000000056e-01,-1.000000000000000000e+00
1.000000000000000056e-01,-1.000000000000000000e+00
1.000000000000000056e-01,0.000000000000000000e+00
1.000000000000000056e-01,-1.000000000000000000e+00
1.000000000000000056e-01,-1.000000000000000000e+00
1.000000000000000056e-01,0.000000000000000000e+00
1.000000000000000056e-01,-1.000000000000000000e+00
1.000000000000000056e-01,-1.000000000000000000e+00
1.000000000000000056e-01,0.000000000000000000e+00
1.000000000000000056e-01,-1.000000000000000000e+00
1.000000000000000056e-01,-1.000000000000000000e+00
1.000000000000000056e-01,0.000000000000000000e+00
1.000000000000000056e-01,-1.000000000000000000e+00
1.000000000000000056e-01,-1.000000000000000000e+00
1.000000000000000056e-01,0.000000000000000000e+00
1.000000000000000056e-01,-1.000000000000000000e+00
1.000000000000000056e-01,-1.000000000000000000e+00
1.000000000000000056e-01,0.000000000000000000e+00
1.000000000000000056e-01,-1.000000000000000000e+00
1.000000000000000056e-01,-1.000000000000000000e+00
1.000000000000000056e-01,0.000000000000000000e+00
1.000000000000000056e-01,-1.000000000000000000e+00
1.000000000000000056e-01,-1.000000000000000000e+00
1.000000000000000056e-01,0.000000000000000000e+00
1.000000000000000056e-01,-1.000000000000000000e+00
1.000000000000000056e-01,-1.000000000000000000e+00
1.000000000000000056e-01,0.000000000000000000e+00
1.000000000000000056e-01,-1.000000000000000000e+00
1.000000000000000056e-01,-1.000000000000000000e+00
1.000000000000000056e-01,0.000000000000000000e+00
1.000000000000000056e-01,-1.000000000000000000e+00
1.000000000000000056e-01,-1.000000000000000000e+00
1.000000000000000056e-01,0.000000000000000000e+00
1.000000000000000056e-01,-1.000000000000000000e+00
1.000000000000000056e-01,-1.000000000000000000e+00
1.000000000000000056e-01,0.000000000000000000e+00
1.000000000000000056e-01,-1.000000000000000000e+00
1.000000000000000056e-01,-1.000000000000000000e+00
1.000000000000000056e-01,0.000000000000000000e+00
1.000000000000000056e-01,-1.000000000000000000e+00
1.000000000000000056e-01,-1.000000000000000000e+00
1.000000000000000056e-01,0.000000000000000000e+00
8.000000000000000444e-01,-1.000000000000000000e+00
8.000000000000000444e-01,-1.032825872000009415e-02
8.000000000000000444e-01,-6.826131634307441853e-02
8.000000000000000444e-01,-1.065031130567755113e-01
8.000000000000000444e-01,-5.290944652508133839e-02
8.000000000000000444e-01,-8.648705843470272381e-02
8.000000000000000444e-01,-4.402485180891824168e-02
8.000000000000000444e-01,2.280388426004020808e-02
8.000000000000000444e-01,-9.097004754831978790e-01
8.000000000000000444e-01,1.104616947742518285e-01
8.000000000000000444e-01,5.922104110851844627e-02
8.000000000000000444e-01,2.451180684041791569e-01
8.000000000000000444e-01,-8.457654810571693105e-01
8.000000000000000444e-01,-8.834436173145849835e-01
8.000000000000000444e-01,9.405555555555554781e-01
8.000000000000000444e-01,-2.454778387125775563e-01
8.000000000000000444e-01,9.201995851882408539e-01
8.000000000000000444e-01,1.708377258240646457e-01
8.000000000000000444e-01,3.656701496000915874e-01
8.000000000000000444e-01,0.000000000000000000e+00
4.400000000000000022e-01,0.000000000000000000e+00
4.400000000000000022e-01,0.000000000000000000e+00
4.400000000000000022e-01,0.000000000000000000e+00
4.400000000000000022e-01,0.000000000000000000e+00
4.400000000000000022e-01,0.000000000000000000e+00
4.400000000000000022e-01,0.000000000000000000e+00
4.400000000000000022e-01,0.000000000000000000e+00
4.400000000000000022e-01,0.000000000000000000e+00
4.400000000000000022e-01,0.000000000000000000e+00
4.400000000000000022e-01,0.000000000000000000e+00
4.400000000000000022e-01,0.000000000000000000e+00
4.400000000000000022e-01,0.000000000000000000e+00
4.400000000000000022e-01,0.000000000000000000e+00
4.400000000000000022e-01,0.000000000000000000e+00
4.400000000000000022e-01,0.000000000000000000e+00
4.400000000000000022e-01,0.000000000000000000e+00
4.400000000000000022e-01,0.000000000000000000e+00
4.400000000000000022e-01,0.000000000000000000e+00
4.400000000000000022e-01,0.000000000000000000e+00
4.400000000000000022e-01,0.000000000000000000e+00
4.400000000000000022e-01,0.000000000000000000e+00
4.400000000000000022e-01,0.000000000000000000e+00
1.000000000000000056e-01,-1.000000000000000000e+00
1.000000000000000056e-01,-1.000000000000000000e+00
1.000000000000000056e-01,0.000000000000000000e+00
1.000000000000000056e-01,-1.000000000000000000e+00
1.000000000000000056e-01,-1.000000000000000000e+00
1.000000000000000056e-01,0.000000000000000000e+00
1.000000000000000056e-01,-1.000000000000000000e+00
1.000000000000000056e-01,-1.000000000000000000e+00
1.000000000000000056e-01,0.000000000000000000e+00
1.000000000000000056e-01,-1.000000000000000000e+00
1.000000000000000056e-01,-1.000000000000000000e+00
1.000000000000000056e-01,0.000000000000000000e+00
1.000000000000000056e-01,-1.000000000000000000e+00
1.000000000000000056e-01,-1.000000000000000000e+00
1.000000000000000056e-01,0.000000000000000000e+00
1.000000000000000056e-01,-1.000000000000000000e+00
1.000000000000000056e-01,-1.000000000000000000e+00
1.000000000000000056e-01,0.000000000000000000e+00
1.000000000000000056e-01,-1.000000000000000000e+00
1.000000000000000056e-01,-1.000000000000000000e+00
1.000000000000000056e-01,0.000000000000000000e+00
1.000000000000000056e-01,-1.000000000000000000e+00
1.000000000000000056e-01,-1.000000000000000000e+00
1.000000000000000056e-01,0.000000000000000000e+00
1.000000000000000056e-01,-1.000000000000000000e+00
1.000000000000000056e-01,-1.000000000000000000e+00
1.000000000000000056e-01,0.000000000000000000e+00
1.000000000000000056e-01,-1.000000000000000000e+00
1.000000000000000056e-01,-1.000000000000000000e+00
1.000000000000000056e-01,0.000000000000000000e+00
1.000000000000000056e-01,-1.000000000000000000e+00
1.000000000000000056e-01,-1.000000000000000000e+00
1.000000000000000056e-01,0.000000000000000000e+00
1.000000000000000056e-01,-1.000000000000000000e+00
1.000000000000000056e-01,-1.000000000000000000e+00
1.000000000000000056e-01,0.000000000000000000e+00
1.000000000000000056e-01,-1.000000000000000000e+00
1.000000000000000056e-01,-1.000000000000000000e+00
1.000000000000000056e-01,0.000000000000000000e+00
1.000000000000000056e-01,-1.000000000000000000e+00
1.000000000000000056e-01,-1.000000000000000000e+00
1.000000000000000056e-01,0.000000000000000000e+00
1.000000000000000056e-01,-1.000000000000000000e+00
1.000000000000000056e-01,-1.000000000000000000e+00
1.000000000000000056e-01,0.000000000000000000e+00
1.000000000000000056e-01,-1.000000000000000000e+00
1.000000000000000056e-01,-1.000000000000000000e+00
1.000000000000000056e-01,0.000000000000000000e+00
8.000000000000000444e-01,1.216228281831118613e-01
3.499999999999999778e-01,1.000000000000000000e+00
3.499999999999999778e-01,1.000000000000000000e+00
3.499999999999999778e-01,1.000000000000000000e+00
3.499999999999999778e-01,1.000000000000000000e+00
3.499999999999999778e-01,1.000000000000000000e+00
3.499999999999999778e-01,1.000000000000000000e+00
3.499999999999999778e-01,1.000000000000000000e+00
3.499999999999999778e-01,1.000000000000000000e+00
3.499999999999999778e-01,1.000000000000000000e+00
3.499999999999999778e-01,1.000000000000000000e+00
3.499999999999999778e-01,1.000000000000000000e+00
3.499999999999999778e-01,1.000000000000000000e+00
3.499999999999999778e-01,1.000000000000000000e+00
3.499999999999999778e-01,1.000000000000000000e+00
3.499999999999999778e-01,1.000000000000000000e+00
3.499999999999999778e-01,1.000000000000000000e+00
3.499999999999999778e-01,1.000000000000000000e+00
3.499999999999999778e-01,1.000000000000000000e+00
3.499999999999999778e-01,1.000000000000000000e+00
3.499999999999999778e-01,1.000000000000000000e+00
3.499999999999999778e-01,1.000000000000000000e+00
3.499999999999999778e-01,1.000000000000000000e+00
3.499999999999999778e-01,1.000000000000000000e+00
3.499999999999999778e-01,1.000000000000000000e+00
3.499999999999999778e-01,1.000000000000000000e+00
4.400000000000000022e-01,0.000000000000000000e+00
4.400000000000000022e-01,-3.164439641572537321e-01
4.400000000000000022e-01,0.000000000000000000e+00
4.400000000000000022e-01,0.000000000000000000e+00
4.400000000000000022e-01,0.000000000000000000e+00
4.400000000000000022e-01,0.000000000000000000e+00
4.400000000000000022e-01,0.000000000000000000e+00
4.400000000000000022e-01,0.000000000000000000e+00
4.400000000000000022e-01,0.000000000000000000e+00
4.400000000000000022e-01,0.000000000000000000e+00
4.400000000000000022e-01,0.000000000000000000e+00
4.400000000000000022e-01,0.000000000000000000e+00
1.000000000000000056e-01,-1.000000000000000000e+00
1.000000000000000056e-01,-1.000000000000000000e+00
1.000000000000000056e-01,0.000000000000000000e+00
1.000000000000000056e-01,-1.000000000000000000e+00
1.000000000000000056e-01,-1.000000000000000000e+00
1.000000000000000056e-01,0.000000000000000000e+00
1.000000000000000056e-01,-1.000000000000000000e+00
1.000000000000000056e-01,-1.000000000000000000e+00
1.000000000000000056e-01,0.000000000000000000e+00
1.000000000000000056e-01,-1.000000000000000000e+00
1.000000000000000056e-01,-1.000000000000000000e+00
1.000000000000000056e-01,0.000000000000000000e+00
1.000000000000000056e-01,-1.000000000000000000e+00
1.000000000000000056e-01,-1.000000000000000000e+00
1.000000000000000056e-01,0.000000000000000000e+00
1.000000000000000056e-01,-1.000000000000000000e+00
1.000000000000000056e-01,-1.000000000000000000e+00
1.000000000000000056e-01,0.000000000000000000e+00
1.000000000000000056e-01,-1.000000000000000000e+00
1.000000000000000056e-01,-1.000000000000000000e+00
1.000000000000000056e-01,0.000000000000000000e+00
1.000000000000000056e-01,-1.000000000000000000e+00
1.000000000000000056e-01,-1.000000000000000000e+00
1.000000000000000056e-01,0.000000000000000000e+00
1.000000000000000056e-01,-1.000000000000000000e+00
1.000000000000000056e-01,-1.000000000000000000e+00
1.000000000000000056e-01,0.000000000000000000e+00
1.000000000000000056e-01,-1.000000000000000000e+00
1.000000000000000056e-01,-1.000000000000000000e+00
1.000000000000000056e-01,0.000000000000000000e+00
1.000000000000000056e-01,-1.000000000000000000e+00
1.000000000000000056e-01,-1.000000000000000000e+00
1.000000000000000056e-01,0.000000000000000000e+00
1.000000000000000056e-01,-1.000000000000000000e+00
1.000000000000000056e-01,-1.000000000000000000e+00
1.000000000000000056e-01,0.000000000000000000e+00
1.000000000000000056e-01,-1.000000000000000000e+00
1.000000000000000056e-01,-1.000000000000000000e+00
1.000000000000000056e-01,0.000000000000000000e+00
1.000000000000000056e-01,-1.000000000000000000e+00
1.000000000000000056e-01,-1.000000000000000000e+00
1.000000000000000056e-01,0.000000000000000000e+00
1.000000000000000056e-01,-1.000000000000000000e+00
1.000000000000000056e-01,-1.000000000000000000e+00
1.000000000000000056e-01,0.000000000000000000e+00
1.000000000000000056e-01,-1.000000000000000000e+00
1.000000000000000056e-01,-1.000000000000000000e+00
1.000000000000000056e-01,0.000000000000000000e+00
4.400000000000000022e-01,0.000000000000000000e+00
8.000000000000000444e-01,1.000000000000000000e+00
3.499999999999999778e-01,1.000000000000000000e+00
4.400000000000000022e-01,0.000000000000000000e+00
8.000000000000000444e-01,1.000000000000000000e+00
4.400000000000000022e-01,0.000000000000000000e+00
4.400000000000000022e-01,8.750000000000000000e-01
4.400000000000000022e-01,1.000000000000000000e+00
4.400000000000000022e-01,9.414592760180995334e-01
4.400000000000000022e-01,1.242697982535381218e-01
4.400000000000000022e-01,7.333333333333332815e-01
4.400000000000000022e-01,2.510822510822519060e-02
4.400000000000000022e-01,7.333333333333332815e-01
4.400000000000000022e-01,0.000000000000000000e+00
4.400000000000000022e-01,-7.958797710089698940e-01
4.400000000000000022e-01,-6.494741321016883617e-01
4.400000000000000022e-01,0.000000000000000000e+00
4.400000000000000022e-01,0.000000000000000000e+00
4.400000000000000022e-01,0.000000000000000000e+00
4.400000000000000022e-01,0.000000000000000000e+00
4.400000000000000022e-01,0.000000000000000000e+00
4.400000000000000022e-01,0.000000000000000000e+00
4.400000000000000022e-01,0.000000000000000000e+00
4.400000000000000022e-01,0.000000000000000000e+00
4.400000000000000022e-01,0.000000000000000000e+00
4.400000000000000022e-01,0.000000000000000000e+00
4.400000000000000022e-01,0.000000000000000000e+00
4.400000000000000022e-01,0.000000000000000000e+00
4.400000000000000022e-01,0.000000000000000000e+00
4.400000000000000022e-01,0.000000000000000000e+00
4.400000000000000022e-01,0.000000000000000000e+00
4.400000000000000022e-01,0.000000000000000000e+00
4.400000000000000022e-01,0.000000000000000000e+00
4.400000000000000022e-01,0.000000000000000000e+00
4.400000000000000022e-01,0.000000000000000000e+00
4.400000000000000022e-01,0.000000000000000000e+00
4.400000000000000022e-01,0.000000000000000000e+00
4.400000000000000022e-01,0.000000000000000000e+00
4.400000000000000022e-01,0.000000000000000000e+00
4.400000000000000022e-01,0.000000000000000000e+00
4.400000000000000022e-01,0.000000000000000000e+00
4.400000000000000022e-01,0.000000000000000000e+00
4.400000000000000022e-01,0.000000000000000000e+00
4.400000000000000022e-01,0.000000000000000000e+00
4.400000000000000022e-01,0.000000000000000000e+00
4.400000000000000022e-01,0.000000000000000000e+00
4.400000000000000022e-01,0.000000000000000000e+00
4.400000000000000022e-01,0.000000000000000000e+00
4.400000000000000022e-01,-1.000000000000000000e+00
8.000000000000000444e-01,-5.023952884193783053e-02
8.000000000000000444e-01,2.767767831059464445e-02
8.000000000000000444e-01,-1.783239071875897253e-02
8.000000000000000444e-01,-7.089401278009621610e-02
8.000000000000000444e-01,4.292441095108234794e-02
8.000000000000000444e-01,1.305615837546335589e-01
8.000000000000000444e-01,1.667099965357299318e-02
8.000000000000000444e-01,1.252332871400680947e-01
8.000000000000000444e-01,9.073694284933004894e-01
8.000000000000000444e-01,5.499083459021921749e-01
8.000000000000000444e-01,0.000000000000000000e+00
4.400000000000000022e-01,0.000000000000000000e+00
4.400000000000000022e-01,-6.695245301887824407e-01
4.400000000000000022e-01,-7.685152685152685237e-01
4.400000000000000022e-01,-5.263157894736841813e-02
3.499999999999999778e-01,1.000000000000000000e+00
4.400000000000000022e-01,-6.051765015806112036e-01
4.400000000000000022e-01,-4.593678160919539843e-01
4.400000000000000022e-01,0.000000000000000000e+00
4.400000000000000022e-01,0.000000000000000000e+00
4.400000000000000022e-01,0.000000000000000000e+00
4.400000000000000022e-01,0.000000000000000000e+00
4.400000000000000022e-01,0.000000000000000000e+00
4.400000000000000022e-01,0.000000000000000000e+00
4.400000000000000022e-01,0.000000000000000000e+00
4.400000000000000022e-01,0.000000000000000000e+00
4.400000000000000022e-01,0.000000000000000000e+00
4.400000000000000022e-01,0.000000000000000000e+00
1.000000000000000056e-01,-1.000000000000000000e+00
1.000000000000000056e-01,-1.000000000000000000e+00
1.000000000000000056e-01,0.000000000000000000e+00
1.000000000000000056e-01,-1.000000000000000000e+00
1.000000000000000056e-01,-1.000000000000000000e+00
1.000000000000000056e-01,0.000000000000000000e+00
1.000000000000000056e-01,-1.000000000000000000e+00
1.000000000000000056e-01,-1.000000000000000000e+00
1.000000000000000056e-01,0.000000000000000000e+00
1.000000000000000056e-01,-1.000000000000000000e+00
1.000000000000000056e-01,-1.000000000000000000e+00
1.000000000000000056e-01,0.000000000000000000e+00
1.000000000000000056e-01,-1.000000000000000000e+00
1.000000000000000056e-01,-1.000000000000000000e+00
1.000000000000000056e-01,0.000000000000000000e+00
1.000000000000000056e-01,-1.000000000000000000e+00
1.000000000000000056e-01,-1.000000000000000000e+00
1.000000000000000056e-01,0.000000000000000000e+00
1.000000000000000056e-01,-1.000000000000000000e+00
1.000000000000000056e-01,-1.000000000000000000e+00
1.000000000000000056e-01,0.000000000000000000e+00
1.000000000000000056e-01,-1.000000000000000000e+00
1.000000000000000056e-01,-1.000000000000000000e+00
1.000000000000000056e-01,0.000000000000000000e+00
1.000000000000000056e-01,-1.000000000000000000e+00
1.000000000000000056e-01,-1.000000000000000000e+00
1.000000000000000056e-01,0.000000000000000000e+00
1.000000000000000056e-01,-1.000000000000000000e+00
1.000000000000000056e-01,-1.000000000000000000e+00
1.000000000000000056e-01,0.000000000000000000e+00
1.000000000000000056e-01,-1.000000000000000000e+00
1.000000000000000056e-01,-1.000000000000000000e+00
1.000000000000000056e-01,0.000000000000000000e+00
1.000000000000000056e-01,-1.000000000000000000e+00
1.000000000000000056e-01,-1.000000000000000000e+00
1.000000000000000056e-01,0.000000000000000000e+00
1.000000000000000056e-01,-1.000000000000000000e+00
1.000000000000000056e-01,-1.000000000000000000e+00
1.000000000000000056e-01,0.000000000000000000e+00
1.000000000000000056e-01,-1.000000000000000000e+00
1.000000000000000056e-01,-1.000000000000000000e+00
1.000000000000000056e-01,0.000000000000000000e+00
1.000000000000000056e-01,-1.000000000000000000e+00
1.000000000000000056e-01,-1.000000000000000000e+00
1.000000000000000056e-01,0.000000000000000000e+00
1.000000000000000056e-01,-1.000000000000000000e+00
1.000000000000000056e-01,-1.000000000000000000e+00
1.000000000000000056e-01,0.000000000000000000e+00
8.000000000000000444e-01,-9.842055180906136291e-01
8.000000000000000444e-01,-1.269928148761328979e-01
8.000000000000000444e-01,-8.505250857735235925e-03
8.000000000000000444e-01,-1.265759218181035095e-01
4.400000000000000022e-01,-1.494138711530014207e-01
4.400000000000000022e-01,-1.118919457735246814e-01
4.400000000000000022e-01,-1.441655617567554337e-01
4.400000000000000022e-01,3.856837606837607013e-01
4.400000000000000022e-01,-5.717552887364207859e-02
4.400000000000000022e-01,-9.410144927536231441e-01
4.400000000000000022e-01,7.222222222222222099e-01
4.400000000000000022e-01,2.445652173913043237e-01
4.400000000000000022e-01,-8.413340861870273191e-01
4.400000000000000022e-01,6.111111111111111605e-01
4.400000000000000022e-01,-6.333333333333333037e-01
4.400000000000000022e-01,0.000000000000000000e+00
4.400000000000000022e-01,0.000000000000000000e+00
4.400000000000000022e-01,0.000000000000000000e+00
4.400000000000000022e-01,0.000000000000000000e+00
4.400000000000000022e-01,0.000000000000000000e+00
4.400000000000000022e-01,0.000000000000000000e+00
4.400000000000000022e-01,0.000000000000000000e+00
4.400000000000000022e-01,0.000000000000000000e+00
4.400000000000000022e-01,0.000000000000000000e+00
4.400000000000000022e-01,0.000000000000000000e+00
4.400000000000000022e-01,0.000000000000000000e+00
4.400000000000000022e-01,0.000000000000000000e+00
4.400000000000000022e-01,0.000000000000000000e+00
4.400000000000000022e-01,0.000000000000000000e+00
4.400000000000000022e-01,0.000000000000000000e+00
4.400000000000000022e-01,0.000000000000000000e+00
4.400000000000000022e-01,0.000000000000000000e+00
4.400000000000000022e-01,0.000000000000000000e+00
4.400000000000000022e-01,0.000000000000000000e+00
4.400000000000000022e-01,0.000000000000000000e+00
4.400000000000000022e-01,0.000000000000000000e+00
4.400000000000000022e-01,0.000000000000000000e+00
4.400000000000000022e-01,0.000000000000000000e+00
4.400000000000000022e-01,0.000000000000000000e+00
4.400000000000000022e-01,0.000000000000000000e+00
4.400000000000000022e-01,0.000000000000000000e+00
4.400000000000000022e-01,0.000000000000000000e+00
4.400000000000000022e-01,0.000000000000000000e+00
4.400000000000000022e-01,0.000000000000000000e+00
4.400000000000000022e-01,0.000000000000000000e+00
4.400000000000000022e-01,0.000000000000000000e+00
4.400000000000000022e-01,0.000000000000000000e+00
4.400000000000000022e-01,1.000000000000000000e+00
8.000000000000000444e-01,-7.555276150801127910e-01
8.000000000000000444e-01,7.342955364818060104e-02
8.000000000000000444e-01,2.805157372245089542e-01
8.000000000000000444e-01,3.799895562196728971e-01
8.000000000000000444e-01,5.300651729223159192e-01
1.000000000000000056e-01,3.443836172958415487e-01
1.000000000000000056e-01,3.502220814176622010e-01
1.000000000000000056e-01,3.706271870670201363e-01
1.000000000000000056e-01,3.682460696473022210e-01
1.000000000000000056e-01,3.226224701394209138e-01
1.000000000000000056e-01,-8.228791664015934204e-01
1.000000000000000056e-01,2.866949435288905779e-01
1.000000000000000056e-01,-7.647258433579143810e-01
1.000000000000000056e-01,-8.210479803794031861e-01
1.000000000000000056e-01,3.541843156785684510e-01
1.000000000000000056e-01,3.994932714605988755e-01
1.000000000000000056e-01,3.466012087092488203e-01
1.000000000000000056e-01,-6.966521312677135258e-01
1.000000000000000056e-01,2.695500932611567535e-01
1.000000000000000056e-01,3.362593857064569702e-01
1.000000000000000056e-01,3.584402788546263707e-01
1.000000000000000056e-01,-8.782034300822136874e-01
1.000000000000000056e-01,2.984837951749714779e-01
1.000000000000000056e-01,-7.799946686245108340e-01
1.000000000000000056e-01,-7.634549203579854559e-01
1.000000000000000056e-01,1.741966993827820387e-01
1.000000000000000056e-01,4.471793434306300385e-01
1.000000000000000056e-01,2.420944115484007231e-01
1.000000000000000056e-01,3.044282024071550685e-01
1.000000000000000056e-01,-7.834798170475920642e-01
1.000000000000000056e-01,-7.989010989010989494e-01
1.000000000000000056e-01,0.000000000000000000e+00
1.000000000000000056e-01,0.000000000000000000e+00
1.000000000000000056e-01,0.000000000000000000e+00
1.000000000000000056e-01,0.000000000000000000e+00
1.000000000000000056e-01,1.000000000000000000e+00
1.000000000000000056e-01,-7.253113745498199760e-01
1.000000000000000056e-01,4.894413644413646569e-01
1.000000000000000056e-01,-7.217883423765777406e-01
1.000000000000000056e-01,1.000000000000000000e+00
1.000000000000000056e-01,0.000000000000000000e+00
1.000000000000000056e-01,0.000000000000000000e+00
1.000000000000000056e-01,0.000000000000000000e+00
1.000000000000000056e-01,0.000000000000000000e+00
1.000000000000000056e-01,0.000000000000000000e+00
1.000000000000000056e-01,0.000000000000000000e+00
1.000000000000000056e-01,0.000000000000000000e+00
1.000000000000000056e-01,0.000000000000000000e+00
1.000000000000000056e-01,0.000000000000000000e+00
1.000000000000000056e-01,0.000000000000000000e+00
1.000000000000000056e-01,0.000000000000000000e+00
1.000000000000000056e-01,0.000000000000000000e+00
1.000000000000000056e-01,0.000000000000000000e+00
1.000000000000000056e-01,0.000000000000000000e+00
1.000000000000000056e-01,0.000000000000000000e+00
1.000000000000000056e-01,0.000000000000000000e+00
1.000000000000000056e-01,0.000000000000000000e+00
1.000000000000000056e-01,0.000000000000000000e+00
1.000000000000000056e-01,0.000000000000000000e+00
1.000000000000000056e-01,0.000000000000000000e+00
1.000000000000000056e-01,0.000000000000000000e+00
1.000000000000000056e-01,0.000000000000000000e+00
1.000000000000000056e-01,0.000000000000000000e+00
1.000000000000000056e-01,0.000000000000000000e+00
1.000000000000000056e-01,0.000000000000000000e+00
1.000000000000000056e-01,0.000000000000000000e+00
1.000000000000000056e-01,0.000000000000000000e+00
1.000000000000000056e-01,0.000000000000000000e+00
1.000000000000000056e-01,0.000000000000000000e+00
1.000000000000000056e-01,0.000000000000000000e+00
1.000000000000000056e-01,0.000000000000000000e+00
1.000000000000000056e-01,0.000000000000000000e+00
1.000000000000000056e-01,0.000000000000000000e+00
1.000000000000000056e-01,0.000000000000000000e+00
1.000000000000000056e-01,0.000000000000000000e+00
1.000000000000000056e-01,0.000000000000000000e+00
1.000000000000000056e-01,0.000000000000000000e+00
1.000000000000000056e-01,0.000000000000000000e+00
1.000000000000000056e-01,0.000000000000000000e+00
1.000000000000000056e-01,0.000000000000000000e+00
1.000000000000000056e-01,0.000000000000000000e+00
1.000000000000000056e-01,0.000000000000000000e+00
1.000000000000000056e-01,0.000000000000000000e+00
1.000000000000000056e-01,0.000000000000000000e+00
1.000000000000000056e-01,0.000000000000000000e+00
1.000000000000000056e-01,0.000000000000000000e+00
1.000000000000000056e-01,0.000000000000000000e+00
1.000000000000000056e-01,0.000000000000000000e+00
1.000000000000000056e-01,0.000000000000000000e+00
1.000000000000000056e-01,0.000000000000000000e+00
1.000000000000000056e-01,0.000000000000000000e+00
1.000000000000000056e-01,0.000000000000000000e+00
1.000000000000000056e-01,0.000000000000000000e+00
1.000000000000000056e-01,0.000000000000000000e+00
1.000000000000000056e-01,0.000000000000000000e+00
1.000000000000000056e-01,0.000000000000000000e+00
1.000000000000000056e-01,0.000000000000000000e+00
1.000000000000000056e-01,0.000000000000000000e+00
1.000000000000000056e-01,0.000000000000000000e+00
1.000000000000000056e-01,0.000000000000000000e+00
1.000000000000000056e-01,0.000000000000000000e+00
1.000000000000000056e-01,0.000000000000000000e+00
1.000000000000000056e-01,0.000000000000000000e+00
1.000000000000000056e-01,0.000000000000000000e+00
1.000000000000000056e-01,0.000000000000000000e+00
1.000000000000000056e-01,0.000000000000000000e+00
1.000000000000000056e-01,0.000000000000000000e+00
1.000000000000000056e-01,0.000000000000000000e+00
1.000000000000000056e-01,0.000000000000000000e+00
1.000000000000000056e-01,0.000000000000000000e+00
1.000000000000000056e-01,0.000000000000000000e+00
1.000000000000000056e-01,0.000000000000000000e+00
1.000000000000000056e-01,0.000000000000000000e+00
1.000000000000000056e-01,0.000000000000000000e+00
1.000000000000000056e-01,0.000000000000000000e+00
1.000000000000000056e-01,0.000000000000000000e+00
1.000000000000000056e-01,0.000000000000000000e+00
1.000000000000000056e-01,0.000000000000000000e+00
1.000000000000000056e-01,0.000000000000000000e+00
1.000000000000000056e-01,0.000000000000000000e+00
1.000000000000000056e-01,-1.000000000000000000e+00
1.000000000000000056e-01,-1.000000000000000000e+00
1.000000000000000056e-01,0.000000000000000000e+00
1.000000000000000056e-01,-1.000000000000000000e+00
1.000000000000000056e-01,-1.000000000000000000e+00
1.000000000000000056e-01,0.000000000000000000e+00
1.000000000000000056e-01,-1.000000000000000000e+00
1.000000000000000056e-01,-1.000000000000000000e+00
1.000000000000000056e-01,0.000000000000000000e+00
1.000000000000000056e-01,-1.000000000000000000e+00
1.000000000000000056e-01,-1.000000000000000000e+00
1.000000000000000056e-01,0.000000000000000000e+00
1.000000000000000056e-01,-1.000000000000000000e+00
1.000000000000000056e-01,-1.000000000000000000e+00
1.000000000000000056e-01,0.000000000000000000e+00
1.000000000000000056e-01,-1.000000000000000000e+00
1.000000000000000056e-01,-1.000000000000000000e+00
1.000000000000000056e-01,0.000000000000000000e+00
1.000000000000000056e-01,-1.000000000000000000e+00
1.000000000000000056e-01,-1.000000000000000000e+00
1.000000000000000056e-01,0.000000000000000000e+00
1.000000000000000056e-01,-1.000000000000000000e+00
1.000000000000000056e-01,-1.000000000000000000e+00
1.000000000000000056e-01,0.000000000000000000e+00
1.000000000000000056e-01,-1.000000000000000000e+00
1.000000000000000056e-01,-1.000000000000000000e+00
1.000000000000000056e-01,0.000000000000000000e+00
1.000000000000000056e-01,-1.000000000000000000e+00
1.000000000000000056e-01,-1.000000000000000000e+00
1.000000000000000056e-01,0.000000000000000000e+00
1.000000000000000056e-01,-1.000000000000000000e+00
1.000000000000000056e-01,-1.000000000000000000e+00
1.000000000000000056e-01,0.000000000000000000e+00
1.000000000000000056e-01,-1.000000000000000000e+00
1.000000000000000056e-01,-1.000000000000000000e+00
1.000000000000000056e-01,0.000000000000000000e+00
1.000000000000000056e-01,-1.000000000000000000e+00
1.000000000000000056e-01,-1.000000000000000000e+00
1.000000000000000056e-01,0.000000000000000000e+00
1.000000000000000056e-01,-1.000000000000000000e+00
1.000000000000000056e-01,-1.000000000000000000e+00
1.000000000000000056e-01,0.000000000000000000e+00
1.000000000000000056e-01,-1.000000000000000000e+00
1.000000000000000056e-01,-1.000000000000000000e+00
1.000000000000000056e-01,0.000000000000000000e+00
1.000000000000000056e-01,-1.000000000000000000e+00
1.000000000000000056e-01,-1.000000000000000000e+00
1.000000000000000056e-01,0.000000000000000000e+00
1.000000000000000056e-01,-9.488773367235848744e-01
1.000000000000000056e-01,3.094457362324720684e-02
1.000000000000000056e-01,-4.042314698052384969e-03
1.000000000000000056e-01,1.201066262788463845e-02
1.000000000000000056e-01,-9.547305486058279556e-01
1.000000000000000056e-01,7.553364941558138312e-02
1.000000000000000056e-01,-4.718656162650780583e-02
1.000000000000000056e-01,-9.445510102813473585e-01
1.000000000000000056e-01,-8.022774327122161875e-02
1.000000000000000056e-01,-1.125556727892212949e-01
1.000000000000000056e-01,-2.200576036866359608e-01
1.000000000000000056e-01,-2.423266820182443659e-01
1.000000000000000056e-01,-1.417761942336372982e-01
1.000000000000000056e-01,-2.767007345560290599e-01
1.000000000000000056e-01,8.667256335665801670e-01
1.000000000000000056e-01,0.000000000000000000e+00
1.000000000000000056e-01,0.000000000000000000e+00
1.000000000000000056e-01,0.000000000000000000e+00
1.000000000000000056e-01,0.000000000000000000e+00
1.000000000000000056e-01,0.000000000000000000e+00
1.000000000000000056e-01,0.000000000000000000e+00
1.000000000000000056e-01,0.000000000000000000e+00
1.000000000000000056e-01,0.000000000000000000e+00
1.000000000000000056e-01,0.000000000000000000e+00
1.000000000000000056e-01,0.000000000000000000e+00
1.000000000000000056e-01,0.000000000000000000e+00
1.000000000000000056e-01,0.000000000000000000e+00
1.000000000000000056e-01,0.000000000000000000e+00
1.000000000000000056e-01,0.000000000000000000e+00
1.000000000000000056e-01,0.000000000000000000e+00
1.000000000000000056e-01,0.000000000000000000e+00
1.000000000000000056e-01,0.000000000000000000e+00
1.000000000000000056e-01,0.000000000000000000e+00
1.000000000000000056e-01,4.820647738012328043e-01
1.000000000000000056e-01,-2.056910569105685482e-02
1.000000000000000056e-01,-1.244453583882664249e-01
1.000000000000000056e-01,1.077889696403020459e-01
1.000000000000000056e-01,-1.227460711331678223e-01
1.000000000000000056e-01,1.000000000000000000e+00
1.000000000000000056e-01,-9.977046374105198456e-01
1.000000000000000056e-01,-1.583333333333333259e-01
1.000000000000000056e-01,-2.744155170206026284e-01
1.000000000000000056e-01,7.451707064974135708e-01
1.000000000000000056e-01,5.819706451360662225e-02
1.000000000000000056e-01,-1.000000000000000000e+00
1.000000000000000056e-01,6.905960779300271968e-01
1.000000000000000056e-01,7.129114507403722101e-02
1.000000000000000056e-01,1.000000000000000000e+00
1.000000000000000056e-01,2.156862745098039325e-01
1.000000000000000056e-01,7.499999999999995559e-02
1.000000000000000056e-01,1.579933586337760598e-01
1.000000000000000056e-01,2.957961661254304708e-02
1.000000000000000056e-01,-5.263157894736836262e-02
1.000000000000000056e-01,-9.252386002120891462e-01
1.000000000000000056e-01,-3.868471953578334066e-02
1.000000000000000056e-01,9.736842105263158187e-01
1.000000000000000056e-01,-8.996078431372548367e-01
1.000000000000000056e-01,-1.000000000000000000e+00
1.000000000000000056e-01,7.548471095732940395e-01
1.000000000000000056e-01,8.000000000000000444e-01
1.000000000000000056e-01,-1.000000000000000000e+00
1.000000000000000056e-01,1.000000000000000000e+00
1.000000000000000056e-01,9.821428571428570953e-01
1.000000000000000056e-01,-9.748563218390803309e-01
1.000000000000000056e-01,0.000000000000000000e+00
1.000000000000000056e-01,-9.734042553191488700e-01
1.000000000000000056e-01,0.000000000000000000e+00
1.000000000000000056e-01,9.687500000000000000e-01
1.000000000000000056e-01,-9.411764705882352811e-01
1.000000000000000056e-01,8.796874999999999556e-01
1.000000000000000056e-01,-9.173957421988917504e-01
1.000000000000000056e-01,8.750000000000000000e-01
1.000000000000000056e-01,-5.066666666666667096e-01
1.000000000000000056e-01,0.000000000000000000e+00
1.000000000000000056e-01,7.971014492753623060e-01
1.000000000000000056e-01,0.000000000000000000e+00
1.000000000000000056e-01,0.000000000000000000e+00
1.000000000000000056e-01,0.000000000000000000e+00
1.000000000000000056e-01,0.000000000000000000e+00
1.000000000000000056e-01,0.000000000000000000e+00
1.000000000000000056e-01,0.000000000000000000e+00
1.000000000000000056e-01,0.000000000000000000e+00
1.000000000000000056e-01,0.000000000000000000e+00
1.000000000000000056e-01,0.000000000000000000e+00
1.000000000000000056e-01,0.000000000000000000e+00
1.000000000000000056e-01,0.000000000000000000e+00
1.000000000000000056e-01,0.000000000000000000e+00
1.000000000000000056e-01,0.000000000000000000e+00
1.000000000000000056e-01,0.000000000000000000e+00
1.000000000000000056e-01,0.000000000000000000e+00
1.000000000000000056e-01,0.000000000000000000e+00
1.000000000000000056e-01,0.000000000000000000e+00
1.000000000000000056e-01,0.000000000000000000e+00
1.000000000000000056e-01,0.000000000000000000e+00
1.000000000000000056e-01,0.000000000000000000e+00
1.000000000000000056e-01,0.000000000000000000e+00
1.000000000000000056e-01,0.000000000000000000e+00
1.000000000000000056e-01,0.000000000000000000e+00
1.000000000000000056e-01,0.000000000000000000e+00
1.000000000000000056e-01,0.000000000000000000e+00
1.000000000000000056e-01,0.000000000000000000e+00
1.000000000000000056e-01,0.000000000000000000e+00
1.000000000000000056e-01,0.000000000000000000e+00
1.000000000000000056e-01,0.000000000000000000e+00
1.000000000000000056e-01,0.000000000000000000e+00
1.000000000000000056e-01,0.000000000000000000e+00
1.000000000000000056e-01,0.000000000000000000e+00
1.000000000000000056e-01,0.000000000000000000e+00
1.000000000000000056e-01,0.000000000000000000e+00
1.000000000000000056e-01,0.000000000000000000e+00
1.000000000000000056e-01,0.000000000000000000e+00
1.000000000000000056e-01,0.000000000000000000e+00
1.000000000000000056e-01,0.000000000000000000e+00
1.000000000000000056e-01,0.000000000000000000e+00
1.000000000000000056e-01,0.000000000000000000e+00
1.000000000000000056e-01,0.000000000000000000e+00
1.000000000000000056e-01,0.000000000000000000e+00
1.000000000000000056e-01,0.000000000000000000e+00
1.000000000000000056e-01,0.000000000000000000e+00
1.000000000000000056e-01,0.000000000000000000e+00
1.000000000000000056e-01,0.000000000000000000e+00
1.000000000000000056e-01,0.000000000000000000e+00
1.000000000000000056e-01,0.000000000000000000e+00
1.000000000000000056e-01,0.000000000000000000e+00
1.000000000000000056e-01,0.000000000000000000e+00
1.000000000000000056e-01,0.000000000000000000e+00
1.000000000000000056e-01,0.000000000000000000e+00
1.000000000000000056e-01,0.000000000000000000e+00
1.000000000000000056e-01,0.000000000000000000e+00
1.000000000000000056e-01,0.000000000000000000e+00
1.000000000000000056e-01,0.000000000000000000e+00
1.000000000000000056e-01,0.000000000000000000e+00
1.000000000000000056e-01,0.000000000000000000e+00
1.000000000000000056e-01,0.000000000000000000e+00
1.000000000000000056e-01,0.000000000000000000e+00
1.000000000000000056e-01,0.000000000000000000e+00
1.000000000000000056e-01,0.000000000000000000e+00
1.000000000000000056e-01,0.000000000000000000e+00
1.000000000000000056e-01,0.000000000000000000e+00
1.000000000000000056e-01,0.000000000000000000e+00
1.000000000000000056e-01,0.000000000000000000e+00
1.000000000000000056e-01,0.000000000000000000e+00
1.000000000000000056e-01,0.000000000000000000e+00
1.000000000000000056e-01,0.000000000000000000e+00
1.000000000000000056e-01,0.000000000000000000e+00
1.000000000000000056e-01,0.000000000000000000e+00
1.000000000000000056e-01,0.000000000000000000e+00
1.000000000000000056e-01,0.000000000000000000e+00
1.000000000000000056e-01,0.000000000000000000e+00
1.000000000000000056e-01,0.000000000000000000e+00
1.000000000000000056e-01,0.000000000000000000e+00
1.000000000000000056e-01,0.000000000000000000e+00
1.000000000000000056e-01,0.000000000000000000e+00
1.000000000000000056e-01,0.000000000000000000e+00
1.000000000000000056e-01,0.000000000000000000e+00
1.000000000000000056e-01,0.000000000000000000e+00
1.000000000000000056e-01,0.000000000000000000e+00
1.000000000000000056e-01,0.000000000000000000e+00
1.000000000000000056e-01,0.000000000000000000e+00
1.000000000000000056e-01,0.000000000000000000e+00
1.000000000000000056e-01,0.000000000000000000e+00
1.000000000000000056e-01,0.000000000000000000e+00
1.000000000000000056e-01,0.000000000000000000e+00
1.000000000000000056e-01,0.000000000000000000e+00
1.000000000000000056e-01,0.000000000000000000e+00
1.000000000000000056e-01,0.000000000000000000e+00
1.000000000000000056e-01,0.000000000000000000e+00
1.000000000000000056e-01,0.000000000000000000e+00
1.000000000000000056e-01,0.000000000000000000e+00
1.000000000000000056e-01,0.000000000000000000e+00
1.000000000000000056e-01,0.000000000000000000e+00
1.000000000000000056e-01,0.000000000000000000e+00
1.000000000000000056e-01,0.000000000000000000e+00
1.000000000000000056e-01,0.000000000000000000e+00
1.000000000000000056e-01,0.000000000000000000e+00
1.000000000000000056e-01,0.000000000000000000e+00
4.400000000000000022e-01,1.000000000000000000e+00
4.400000000000000022e-01,1.000000000000000000e+00
4.400000000000000022e-01,-1.000000000000000000e+00
8.000000000000000444e-01,-8.574876728609803767e-01
8.000000000000000444e-01,-9.520365384900073558e-01
8.000000000000000444e-01,-9.688421065617807137e-01
8.000000000000000444e-01,1.922689737595562054e-02
8.000000000000000444e-01,-8.855392556588947972e-02
8.000000000000000444e-01,-6.627752858775337597e-02
8.000000000000000444e-01,8.419106773144040545e-01
8.000000000000000444e-01,-1.206825734304716180e-01
8.000000000000000444e-01,3.445282638141700104e-03
8.000000000000000444e-01,-8.971476493454449974e-01
8.000000000000000444e-01,-1.315033085194375895e-01
