-4.400000000000000022e-01,0.000000000000000000e+00
1.000000000000000056e-01,-1.000000000000000000e+00
1.000000000000000056e-01,-1.000000000000000000e+00
1.000000000000000056e-01,-1.000000000000000000e+00
1.000000000000000056e-01,-1.000000000000000000e+00
4.400000000000000022e-01,-1.148306104688840534e+00
4.400000000000000022e-01,-1.340082007845165624e+00
4.400000000000000022e-01,-1.607062733887612449e+00
-3.499999999999999778e-01,0.000000000000000000e+00
1.000000000000000056e-01,-1.000000000000000000e+00
1.000000000000000056e-01,-1.000000000000000000e+00
1.000000000000000056e-01,0.000000000000000000e+00
1.000000000000000056e-01,-1.000000000000000000e+00
1.000000000000000056e-01,-1.000000000000000000e+00
1.000000000000000056e-01,0.000000000000000000e+00
1.000000000000000056e-01,-1.000000000000000000e+00
1.000000000000000056e-01,-1.000000000000000000e+00
1.000000000000000056e-01,0.000000000000000000e+00
1.000000000000000056e-01,-1.000000000000000000e+00
1.000000000000000056e-01,-1.000000000000000000e+00
1.000000000000000056e-01,0.000000000000000000e+00
1.000000000000000056e-01,-1.000000000000000000e+00
1.000000000000000056e-01,-1.000000000000000000e+00
1.000000000000000056e-01,0.000000000000000000e+00
1.000000000000000056e-01,-1.000000000000000000e+00
1.000000000000000056e-01,-1.000000000000000000e+00
1.000000000000000056e-01,0.000000000000000000e+00
1.000000000000000056e-01,-1.000000000000000000e+00
1.000000000000000056e-01,-1.000000000000000000e+00
1.000000000000000056e-01,0.000000000000000000e+00
1.000000000000000056e-01,-1.000000000000000000e+00
1.000000000000000056e-01,-1.000000000000000000e+00
1.000000000000000056e-01,0.000000000000000000e+00
-1.000000000000000056e-01,0.000000000000000000e+00
-1.000000000000000056e-01,0.000000000000000000e+00
-1.000000000000000056e-01,0.000000000000000000e+00
-1.000000000000000056e-01,0.000000000000000000e+00
-1.000000000000000056e-01,0.000000000000000000e+00
-1.000000000000000056e-01,0.000000000000000000e+00
-1.000000000000000056e-01,0.000000000000000000e+00
-1.000000000000000056e-01,0.000000000000000000e+00
-1.000000000000000056e-01,0.000000000000000000e+00
-1.000000000000000056e-01,0.000000000000000000e+00
-1.000000000000000056e-01,0.000000000000000000e+00
-1.000000000000000056e-01,0.000000000000000000e+00
-1.000000000000000056e-01,0.000000000000000000e+00
-1.000000000000000056e-01,0.000000000000000000e+00
-1.000000000000000056e-01,0.000000000000000000e+00
-1.000000000000000056e-01,0.000000000000000000e+00
-1.000000000000000056e-01,0.000000000000000000e+00
-1.000000000000000056e-01,0.000000000000000000e+00
-1.000000000000000056e-01,0.000000000000000000e+00
-1.000000000000000056e-01,0.000000000000000000e+00
-1.000000000000000056e-01,0.000000000000000000e+00
-1.000000000000000056e-01,0.000000000000000000e+00
-4.400000000000000022e-01,0.000000000000000000e+00
-4.400000000000000022e-01,0.000000000000000000e+00
-4.400000000000000022e-01,0.000000000000000000e+00
-4.400000000000000022e-01,0.000000000000000000e+00
-4.400000000000000022e-01,0.000000000000000000e+00
4.400000000000000022e-01,1.000000000000000000e+00
4.400000000000000022e-01,1.000000000000000000e+00
4.400000000000000022e-01,1.000000000000000000e+00
4.400000000000000022e-01,1.000000000000000000e+00
4.400000000000000022e-01,1.000000000000000000e+00
4.400000000000000022e-01,1.000000000000000000e+00
4.400000000000000022e-01,1.000000000000000000e+00
4.400000000000000022e-01,1.000000000000000000e+00
4.400000000000000022e-01,1.000000000000000000e+00
4.400000000000000022e-01,1.000000000000000000e+00
4.400000000000000022e-01,0.000000000000000000e+00
4.400000000000000022e-01,0.000000000000000000e+00
8.000000000000000444e-01,6.241732283464567210e-01
8.000000000000000444e-01,-7.282694647320187009e-01
8.000000000000000444e-01,7.304321354626885920e-01
8.000000000000000444e-01,6.574823154727610364e-01
8.000000000000000444e-01,7.322836709454059179e-01
8.000000000000000444e-01,7.712655971479500661e-01
8.000000000000000444e-01,-9.695966364472474730e-01
8.000000000000000444e-01,8.446132952486259393e-01
8.000000000000000444e-01,-9.391324806607199704e-01
8.000000000000000444e-01,1.028571428571428470e+00
8.000000000000000444e-01,-1.156600432815265700e-01
8.000000000000000444e-01,8.047512885282710471e-01
8.000000000000000444e-01,2.383888824496560588e-01
8.000000000000000444e-01,7.413595669802708343e-02
8.000000000000000444e-01,1.572605828664368488e-01
8.000000000000000444e-01,2.202551935236082281e-01
1.000000000000000056e-01,2.466004462027461264e-01
1.000000000000000056e-01,1.647431907561437425e-01
1.000000000000000056e-01,1.425814448184238303e-01
1.000000000000000056e-01,1.635721954945266177e-01
1.000000000000000056e-01,1.211335290425085143e-01
1.000000000000000056e-01,1.056612604174976822e-01
1.000000000000000056e-01,1.210914330442877107e-01
1.000000000000000056e-01,7.360186563725013009e-02
1.000000000000000056e-01,1.697738536993735892e-01
1.000000000000000056e-01,9.520589297974291210e-02
1.000000000000000056e-01,2.321292183439428447e-01
1.000000000000000056e-01,-8.942459876974383493e-01
1.000000000000000056e-01,8.706342128636102018e-02
1.000000000000000056e-01,7.165948774292740797e-02
1.000000000000000056e-01,1.328673833772758828e-01
1.000000000000000056e-01,9.801711386382128133e-02
1.000000000000000056e-01,-5.645780657625720789e-02
1.000000000000000056e-01,1.211631985737500194e-01
1.000000000000000056e-01,-9.372005691921093673e-01
1.000000000000000056e-01,3.280944272275032603e-02
1.000000000000000056e-01,1.860925233463727180e-01
1.000000000000000056e-01,1.053332421183488243e-01
1.000000000000000056e-01,1.003361158195478220e-01
1.000000000000000056e-01,1.019882607278552733e-01
1.000000000000000056e-01,2.794355077152410605e-02
1.000000000000000056e-01,7.889875754262776208e-02
1.000000000000000056e-01,-2.088195826498262520e-02
1.000000000000000056e-01,7.653853483051675788e-02
1.000000000000000056e-01,2.746032385474928006e-02
1.000000000000000056e-01,4.164716078705743563e-02
1.000000000000000056e-01,1.794223346425938281e-02
1.000000000000000056e-01,6.608670662163307341e-03
1.000000000000000056e-01,-4.058968745609181639e-02
1.000000000000000056e-01,4.719043461972816100e-02
1.000000000000000056e-01,-8.385905847025701965e-01
1.000000000000000056e-01,1.273128758505971403e-01
1.000000000000000056e-01,1.107251853030364330e-01
1.000000000000000056e-01,1.235423702448003036e-01
1.000000000000000056e-01,1.215427640977648771e-01
1.000000000000000056e-01,-7.902913283562816860e-01
1.000000000000000056e-01,1.564041150113567591e-01
1.000000000000000056e-01,1.375459212250985663e-01
1.000000000000000056e-01,2.167471084822224503e-01
1.000000000000000056e-01,-8.640603902365863176e-01
1.000000000000000056e-01,1.962321232123211967e-01
1.000000000000000056e-01,2.482524784859579947e-01
1.000000000000000056e-01,1.902180180873214166e-01
1.000000000000000056e-01,2.378621983409012763e-01
1.000000000000000056e-01,-8.613659185494245696e-01
1.000000000000000056e-01,-8.411764705882353033e-01
1.000000000000000056e-01,8.805855161787364827e-01
1.000000000000000056e-01,1.844293502089573433e-01
1.000000000000000056e-01,2.261867366458701900e-01
1.000000000000000056e-01,1.939842318687815537e-01
1.000000000000000056e-01,1.139273357725105740e-01
1.000000000000000056e-01,1.741114992154125796e-01
1.000000000000000056e-01,-8.749732799440900211e-01
1.000000000000000056e-01,1.403724230228640124e-01
1.000000000000000056e-01,2.072339123796806959e-01
1.000000000000000056e-01,2.211083396041650939e-01
1.000000000000000056e-01,-7.725428534879754672e-01
1.000000000000000056e-01,1.857773569181454532e-01
1.000000000000000056e-01,1.931571620023669889e-01
1.000000000000000056e-01,2.322987215500300628e-01
1.000000000000000056e-01,-7.672913048853416962e-01
1.000000000000000056e-01,1.310504425055508682e-01
1.000000000000000056e-01,2.286086343118447495e-01
1.000000000000000056e-01,1.466910321821034424e-01
1.000000000000000056e-01,1.984726374133487514e-01
1.000000000000000056e-01,1.562659332995636197e-01
1.000000000000000056e-01,8.385058844044013249e-02
1.000000000000000056e-01,-8.604072736875669758e-01
1.000000000000000056e-01,8.560178051703482005e-02
1.000000000000000056e-01,6.000041113772081047e-02
1.000000000000000056e-01,-9.124372210892911506e-01
1.000000000000000056e-01,9.725645198790977553e-01
1.000000000000000056e-01,2.535421699983202437e-01
1.000000000000000056e-01,1.601332434658683246e-01
1.000000000000000056e-01,7.010652976321629648e-02
1.000000000000000056e-01,-8.578665865427610449e-01
1.000000000000000056e-01,-9.378910463861920288e-01
1.000000000000000056e-01,8.507073308559269798e-01
1.000000000000000056e-01,1.371173346209553223e-02
1.000000000000000056e-01,7.410862354892189252e-02
1.000000000000000056e-01,1.562457841476851961e-01
1.000000000000000056e-01,1.869619921393850248e-01
1.000000000000000056e-01,1.328157349896479378e-01
1.000000000000000056e-01,1.764672870164714080e-01
1.000000000000000056e-01,2.283964032766127028e-01
1.000000000000000056e-01,2.272995680263050211e-01
1.000000000000000056e-01,1.564069228460239769e-01
1.000000000000000056e-01,1.652468090540392121e-01
1.000000000000000056e-01,1.669307469981904379e-01
1.000000000000000056e-01,1.459619786793343588e-01
1.000000000000000056e-01,1.584221398279496151e-01
1.000000000000000056e-01,1.630647821062041203e-01
1.000000000000000056e-01,1.700153165707609659e-01
1.000000000000000056e-01,-9.442136102391034402e-01
1.000000000000000056e-01,1.076626684278725321e-01
1.000000000000000056e-01,7.578015545698701949e-02
1.000000000000000056e-01,-9.429158248114900553e-01
1.000000000000000056e-01,2.300044709015210964e-01
1.000000000000000056e-01,1.463208463518188562e-01
1.000000000000000056e-01,1.156600212128591210e-01
1.000000000000000056e-01,1.625943710947791443e-01
1.000000000000000056e-01,1.078152946628134767e-01
1.000000000000000056e-01,5.983654443525476818e-02
1.000000000000000056e-01,1.397417057062465551e-01
1.000000000000000056e-01,7.404463605317623820e-02
1.000000000000000056e-01,1.024050150676177884e-01
1.000000000000000056e-01,5.517197658989825282e-02
1.000000000000000056e-01,4.563988676049390847e-02
1.000000000000000056e-01,3.890240029143410272e-02
1.000000000000000056e-01,1.723708115787769835e-02
1.000000000000000056e-01,-1.778537100353994038e-02
1.000000000000000056e-01,2.937514648481176494e-02
1.000000000000000056e-01,5.993963791394296692e-02
1.000000000000000056e-01,-9.332044804930560433e-01
1.000000000000000056e-01,1.822438628279687833e-02
1.000000000000000056e-01,3.261345096196976989e-02
1.000000000000000056e-01,1.563095989896344795e-01
1.000000000000000056e-01,6.808637212496215785e-02
1.000000000000000056e-01,3.490865943214738198e-02
1.000000000000000056e-01,6.370177223771211761e-02
1.000000000000000056e-01,9.239979360945371756e-02
1.000000000000000056e-01,6.140332131903292190e-02
1.000000000000000056e-01,-8.343300389322039212e-02
1.000000000000000056e-01,1.607291144769354974e-01
1.000000000000000056e-01,-4.451886195983889571e-02
1.000000000000000056e-01,-3.364651906617610599e-02
1.000000000000000056e-01,-7.448714495068120556e-03
1.000000000000000056e-01,4.963069449408119560e-02
1.000000000000000056e-01,-3.278670962312602022e-03
1.000000000000000056e-01,-1.157001337934948637e-03
1.000000000000000056e-01,8.987836002341409447e-02
1.000000000000000056e-01,7.131819154433194363e-02
1.000000000000000056e-01,3.230624434659712385e-03
1.000000000000000056e-01,4.393406558934465078e-02
1.000000000000000056e-01,-4.128382244085460062e-02
1.000000000000000056e-01,7.559680763725695751e-02
1.000000000000000056e-01,1.085818647746938925e-02
1.000000000000000056e-01,-1.022395381215585486e+00
1.000000000000000056e-01,8.338351030003032793e-02
1.000000000000000056e-01,-4.092958430879989340e-02
1.000000000000000056e-01,8.444161374146263999e-02
1.000000000000000056e-01,8.153243350105132681e-02
1.000000000000000056e-01,5.698744905685892981e-03
1.000000000000000056e-01,6.185228590063496235e-02
1.000000000000000056e-01,-1.915934614547920578e-02
1.000000000000000056e-01,7.545125095154370243e-02
1.000000000000000056e-01,6.600043943926447998e-02
1.000000000000000056e-01,-1.041886570372596577e-02
1.000000000000000056e-01,-1.234953381774717140e-01
1.000000000000000056e-01,1.010836637546380645e-01
1.000000000000000056e-01,-5.290872119620815273e-02
1.000000000000000056e-01,7.780345920478104471e-02
1.000000000000000056e-01,2.810411288335501467e-02
1.000000000000000056e-01,-7.065912128538198722e-02
1.000000000000000056e-01,-2.689050401261083856e-02
1.000000000000000056e-01,1.973287621852415352e-02
1.000000000000000056e-01,4.967860887440345152e-02
1.000000000000000056e-01,3.535674831057911138e-02
1.000000000000000056e-01,-8.995372573505007185e-01
1.000000000000000056e-01,1.916606545061849687e-01
1.000000000000000056e-01,1.511477917490929856e-01
1.000000000000000056e-01,1.141426588487436389e-01
1.000000000000000056e-01,1.214672479241044600e-01
1.000000000000000056e-01,-9.324213075060532319e-01
1.000000000000000056e-01,-1.415227342938187860e-01
1.000000000000000056e-01,-8.818136089262850197e-01
1.000000000000000056e-01,6.808510638297872175e-01
1.000000000000000056e-01,1.014492753623188470e+00
1.000000000000000056e-01,2.452251425392851791e-01
1.000000000000000056e-01,-8.279458944321148595e-01
1.000000000000000056e-01,1.836651020908485199e-01
1.000000000000000056e-01,2.097669200641183451e-01
1.000000000000000056e-01,6.000000000000005329e-02
1.000000000000000056e-01,1.981967154621395721e-01
1.000000000000000056e-01,-8.067055688168629501e-01
1.000000000000000056e-01,-9.113924050632911111e-01
1.000000000000000056e-01,1.000000000000000000e+00
1.000000000000000056e-01,6.999712891185760899e-02
1.000000000000000056e-01,1.936423782100521462e-01
1.000000000000000056e-01,1.996983251582078456e-01
1.000000000000000056e-01,-9.637871638581201328e-01
1.000000000000000056e-01,1.029850746268656803e+00
1.000000000000000056e-01,-8.027344690867962429e-01
1.000000000000000056e-01,0.000000000000000000e+00
1.000000000000000056e-01,6.666666666666666297e-01
1.000000000000000056e-01,2.095235003145607955e-01
1.000000000000000056e-01,1.877674009206714567e-01
1.000000000000000056e-01,9.632584355013917854e-02
1.000000000000000056e-01,1.450178583718774172e-01
1.000000000000000056e-01,1.706702266842766713e-01
1.000000000000000056e-01,1.515426207022022576e-01
1.000000000000000056e-01,1.471646479023412946e-01
1.000000000000000056e-01,-8.610343229249047825e-01
1.000000000000000056e-01,1.174096060442525458e-01
1.000000000000000056e-01,-8.221477643553086745e-01
1.000000000000000056e-01,-8.328093128232538778e-01
8.000000000000000444e-01,1.087854251012145834e+00
8.000000000000000444e-01,2.575302799580628799e-01
8.000000000000000444e-01,1.058252427184465994e+00
8.000000000000000444e-01,2.174469433327220758e-01
8.000000000000000444e-01,-9.393291946080867261e-01
8.000000000000000444e-01,1.040045597697588642e-01
8.000000000000000444e-01,2.008775277308717522e-01
8.000000000000000444e-01,-8.824182791355290600e-01
4.400000000000000022e-01,0.000000000000000000e+00
4.400000000000000022e-01,0.000000000000000000e+00
4.400000000000000022e-01,0.000000000000000000e+00
4.400000000000000022e-01,0.000000000000000000e+00
3.499999999999999778e-01,1.000000000000000000e+00
4.400000000000000022e-01,0.000000000000000000e+00
8.000000000000000444e-01,-3.864780609461460625e-01
3.499999999999999778e-01,1.000000000000000000e+00
4.400000000000000022e-01,-5.594559574581587924e-01
4.400000000000000022e-01,-4.425669066076043379e-01
3.499999999999999778e-01,1.000000000000000000e+00
4.400000000000000022e-01,-7.061403508771930682e-01
4.400000000000000022e-01,-6.818181818181817677e-02
3.499999999999999778e-01,1.000000000000000000e+00
4.400000000000000022e-01,-3.589638318670576589e-01
4.400000000000000022e-01,0.000000000000000000e+00
4.400000000000000022e-01,0.000000000000000000e+00
4.400000000000000022e-01,0.000000000000000000e+00
4.400000000000000022e-01,0.000000000000000000e+00
4.400000000000000022e-01,0.000000000000000000e+00
4.400000000000000022e-01,0.000000000000000000e+00
4.400000000000000022e-01,0.000000000000000000e+00
4.400000000000000022e-01,0.000000000000000000e+00
1.000000000000000056e-01,-1.000000000000000000e+00
1.000000000000000056e-01,-1.000000000000000000e+00
1.000000000000000056e-01,0.000000000000000000e+00
1.000000000000000056e-01,-1.000000000000000000e+00
1.000000000000000056e-01,-1.000000000000000000e+00
1.000000000000000056e-01,0.000000000000000000e+00
1.000000000000000056e-01,-1.000000000000000000e+00
1.000000000000000056e-01,-1.000000000000000000e+00
1.000000000000000056e-01,0.000000000000000000e+00
1.000000000000000056e-01,-1.000000000000000000e+00
1.000000000000000056e-01,-1.000000000000000000e+00
1.000000000000000056e-01,0.000000000000000000e+00
1.000000000000000056e-01,-1.000000000000000000e+00
1.000000000000000056e-01,-1.000000000000000000e+00
1.000000000000000056e-01,0.000000000000000000e+00
1.000000000000000056e-01,-1.000000000000000000e+00
1.000000000000000056e-01,-1.000000000000000000e+00
1.000000000000000056e-01,0.000000000000000000e+00
1.000000000000000056e-01,-1.000000000000000000e+00
1.000000000000000056e-01,-1.000000000000000000e+00
1.000000000000000056e-01,0.000000000000000000e+00
1.000000000000000056e-01,-1.000000000000000000e+00
1.000000000000000056e-01,-1.000000000000000000e+00
1.000000000000000056e-01,0.000000000000000000e+00
1.000000000000000056e-01,-1.000000000000000000e+00
1.000000000000000056e-01,-1.000000000000000000e+00
1.000000000000000056e-01,0.000000000000000000e+00
1.000000000000000056e-01,-1.000000000000000000e+00
1.000000000000000056e-01,-1.000000000000000000e+00
1.000000000000000056e-01,0.000000000000000000e+00
1.000000000000000056e-01,-1.000000000000000000e+00
1.000000000000000056e-01,-1.000000000000000000e+00
1.000000000000000056e-01,0.000000000000000000e+00
1.000000000000000056e-01,-1.000000000000000000e+00
1.000000000000000056e-01,-1.000000000000000000e+00
1.000000000000000056e-01,0.000000000000000000e+00
1.000000000000000056e-01,-1.000000000000000000e+00
1.000000000000000056e-01,-1.000000000000000000e+00
1.000000000000000056e-01,0.000000000000000000e+00
1.000000000000000056e-01,-1.000000000000000000e+00
1.000000000000000056e-01,-1.000000000000000000e+00
1.000000000000000056e-01,0.000000000000000000e+00
1.000000000000000056e-01,-1.000000000000000000e+00
1.000000000000000056e-01,-1.000000000000000000e+00
1.000000000000000056e-01,0.000000000000000000e+00
1.000000000000000056e-01,-1.000000000000000000e+00
1.000000000000000056e-01,-1.000000000000000000e+00
1.000000000000000056e-01,0.000000000000000000e+00
4.400000000000000022e-01,-1.838983050847457779e-01
4.400000000000000022e-01,0.000000000000000000e+00
4.400000000000000022e-01,0.000000000000000000e+00
1.000000000000000056e-01,-1.000000000000000000e+00
1.000000000000000056e-01,-1.000000000000000000e+00
1.000000000000000056e-01,0.000000000000000000e+00
1.000000000000000056e-01,-1.000000000000000000e+00
1.000000000000000056e-01,-1.000000000000000000e+00
1.000000000000000056e-01,0.000000000000000000e+00
1.000000000000000056e-01,-1.000000000000000000e+00
1.000000000000000056e-01,-1.000000000000000000e+00
1.000000000000000056e-01,0.000000000000000000e+00
1.000000000000000056e-01,-1.000000000000000000e+00
1.000000000000000056e-01,-1.000000000000000000e+00
1.000000000000000056e-01,0.000000000000000000e+00
1.000000000000000056e-01,-1.000000000000000000e+00
1.000000000000000056e-01,-1.000000000000000000e+00
1.000000000000000056e-01,0.000000000000000000e+00
1.000000000000000056e-01,-1.000000000000000000e+00
1.000000000000000056e-01,-1.000000000000000000e+00
1.000000000000000056e-01,0.000000000000000000e+00
1.000000000000000056e-01,-1.000000000000000000e+00
1.000000000000000056e-01,-1.000000000000000000e+00
1.000000000000000056e-01,0.000000000000000000e+00
1.000000000000000056e-01,-1.000000000000000000e+00
1.000000000000000056e-01,-1.000000000000000000e+00
1.000000000000000056e-01,0.000000000000000000e+00
1.000000000000000056e-01,-1.000000000000000000e+00
1.000000000000000056e-01,-1.000000000000000000e+00
1.000000000000000056e-01,0.000000000000000000e+00
1.000000000000000056e-01,-1.000000000000000000e+00
1.000000000000000056e-01,-1.000000000000000000e+00
1.000000000000000056e-01,0.000000000000000000e+00
1.000000000000000056e-01,-1.000000000000000000e+00
1.000000000000000056e-01,-1.000000000000000000e+00
1.000000000000000056e-01,0.000000000000000000e+00
1.000000000000000056e-01,-1.000000000000000000e+00
1.000000000000000056e-01,-1.000000000000000000e+00
1.000000000000000056e-01,0.000000000000000000e+00
1.000000000000000056e-01,-1.000000000000000000e+00
1.000000000000000056e-01,-1.000000000000000000e+00
1.000000000000000056e-01,0.000000000000000000e+00
1.000000000000000056e-01,-1.000000000000000000e+00
1.000000000000000056e-01,-1.000000000000000000e+00
1.000000000000000056e-01,0.000000000000000000e+00
1.000000000000000056e-01,-1.000000000000000000e+00
1.000000000000000056e-01,-1.000000000000000000e+00
1.000000000000000056e-01,0.000000000000000000e+00
1.000000000000000056e-01,-1.000000000000000000e+00
1.000000000000000056e-01,-1.000000000000000000e+00
1.000000000000000056e-01,0.000000000000000000e+00
4.400000000000000022e-01,0.000000000000000000e+00
4.400000000000000022e-01,0.000000000000000000e+00
4.400000000000000022e-01,0.000000000000000000e+00
8.000000000000000444e-01,7.142857142857142461e-02
3.499999999999999778e-01,1.000000000000000000e+00
3.499999999999999778e-01,1.000000000000000000e+00
3.499999999999999778e-01,1.000000000000000000e+00
3.499999999999999778e-01,1.000000000000000000e+00
3.499999999999999778e-01,1.000000000000000000e+00
3.499999999999999778e-01,1.000000000000000000e+00
3.499999999999999778e-01,1.000000000000000000e+00
3.499999999999999778e-01,1.000000000000000000e+00
3.499999999999999778e-01,1.000000000000000000e+00
3.499999999999999778e-01,1.000000000000000000e+00
3.499999999999999778e-01,1.000000000000000000e+00
3.499999999999999778e-01,1.000000000000000000e+00
3.499999999999999778e-01,1.000000000000000000e+00
3.499999999999999778e-01,1.000000000000000000e+00
3.499999999999999778e-01,1.000000000000000000e+00
3.499999999999999778e-01,1.000000000000000000e+00
3.499999999999999778e-01,1.000000000000000000e+00
3.499999999999999778e-01,1.000000000000000000e+00
3.499999999999999778e-01,1.000000000000000000e+00
3.499999999999999778e-01,1.000000000000000000e+00
3.499999999999999778e-01,1.000000000000000000e+00
4.400000000000000022e-01,0.000000000000000000e+00
4.400000000000000022e-01,0.000000000000000000e+00
3.499999999999999778e-01,1.000000000000000000e+00
4.400000000000000022e-01,0.000000000000000000e+00
3.499999999999999778e-01,1.000000000000000000e+00
4.400000000000000022e-01,0.000000000000000000e+00
4.400000000000000022e-01,0.000000000000000000e+00
8.000000000000000444e-01,4.519860323003055402e-01
3.499999999999999778e-01,1.000000000000000000e+00
4.400000000000000022e-01,0.000000000000000000e+00
4.400000000000000022e-01,0.000000000000000000e+00
4.400000000000000022e-01,0.000000000000000000e+00
3.499999999999999778e-01,1.000000000000000000e+00
8.000000000000000444e-01,5.471399417784580388e-01
4.400000000000000022e-01,0.000000000000000000e+00
8.000000000000000444e-01,7.433984657692864761e-01
4.400000000000000022e-01,0.000000000000000000e+00
4.400000000000000022e-01,0.000000000000000000e+00
4.400000000000000022e-01,0.000000000000000000e+00
3.499999999999999778e-01,1.000000000000000000e+00
8.000000000000000444e-01,6.467125343868400655e-01
8.000000000000000444e-01,9.756097560975610095e-02
4.400000000000000022e-01,0.000000000000000000e+00
4.400000000000000022e-01,0.000000000000000000e+00
4.400000000000000022e-01,0.000000000000000000e+00
3.499999999999999778e-01,1.000000000000000000e+00
4.400000000000000022e-01,0.000000000000000000e+00
4.400000000000000022e-01,0.000000000000000000e+00
3.499999999999999778e-01,1.000000000000000000e+00
4.400000000000000022e-01,0.000000000000000000e+00
3.499999999999999778e-01,1.000000000000000000e+00
4.400000000000000022e-01,0.000000000000000000e+00
3.499999999999999778e-01,1.000000000000000000e+00
4.400000000000000022e-01,0.000000000000000000e+00
3.499999999999999778e-01,1.000000000000000000e+00
4.400000000000000022e-01,0.000000000000000000e+00
3.499999999999999778e-01,1.000000000000000000e+00
3.499999999999999778e-01,1.000000000000000000e+00
3.499999999999999778e-01,1.000000000000000000e+00
3.499999999999999778e-01,1.000000000000000000e+00
3.499999999999999778e-01,1.000000000000000000e+00
4.400000000000000022e-01,0.000000000000000000e+00
8.000000000000000444e-01,-2.891156462585033893e-01
3.499999999999999778e-01,1.000000000000000000e+00
8.000000000000000444e-01,-2.909479074184956882e-01
3.499999999999999778e-01,1.000000000000000000e+00
4.400000000000000022e-01,1.000000000000000000e+00
3.499999999999999778e-01,1.000000000000000000e+00
3.499999999999999778e-01,1.000000000000000000e+00
3.499999999999999778e-01,1.000000000000000000e+00
3.499999999999999778e-01,1.000000000000000000e+00
3.499999999999999778e-01,1.000000000000000000e+00
3.499999999999999778e-01,1.000000000000000000e+00
3.499999999999999778e-01,1.000000000000000000e+00
3.499999999999999778e-01,1.000000000000000000e+00
3.499999999999999778e-01,1.000000000000000000e+00
3.499999999999999778e-01,1.000000000000000000e+00
3.499999999999999778e-01,1.000000000000000000e+00
3.499999999999999778e-01,1.000000000000000000e+00
3.499999999999999778e-01,1.000000000000000000e+00
4.400000000000000022e-01,0.000000000000000000e+00
4.400000000000000022e-01,-1.319453284297974482e-01
4.400000000000000022e-01,0.000000000000000000e+00
4.400000000000000022e-01,0.000000000000000000e+00
4.400000000000000022e-01,0.000000000000000000e+00
4.400000000000000022e-01,0.000000000000000000e+00
4.400000000000000022e-01,0.000000000000000000e+00
4.400000000000000022e-01,0.000000000000000000e+00
4.400000000000000022e-01,0.000000000000000000e+00
4.400000000000000022e-01,0.000000000000000000e+00
4.400000000000000022e-01,0.000000000000000000e+00
4.400000000000000022e-01,0.000000000000000000e+00
4.400000000000000022e-01,0.000000000000000000e+00
1.000000000000000056e-01,-1.000000000000000000e+00
1.000000000000000056e-01,-1.000000000000000000e+00
1.000000000000000056e-01,0.000000000000000000e+00
1.000000000000000056e-01,-1.000000000000000000e+00
1.000000000000000056e-01,-1.000000000000000000e+00
1.000000000000000056e-01,0.000000000000000000e+00
1.000000000000000056e-01,-1.000000000000000000e+00
1.000000000000000056e-01,-1.000000000000000000e+00
1.000000000000000056e-01,0.000000000000000000e+00
1.000000000000000056e-01,-1.000000000000000000e+00
1.000000000000000056e-01,-1.000000000000000000e+00
1.000000000000000056e-01,0.000000000000000000e+00
1.000000000000000056e-01,-1.000000000000000000e+00
1.000000000000000056e-01,-1.000000000000000000e+00
1.000000000000000056e-01,0.000000000000000000e+00
1.000000000000000056e-01,-1.000000000000000000e+00
1.000000000000000056e-01,-1.000000000000000000e+00
1.000000000000000056e-01,0.000000000000000000e+00
1.000000000000000056e-01,-1.000000000000000000e+00
1.000000000000000056e-01,-1.000000000000000000e+00
1.000000000000000056e-01,0.000000000000000000e+00
1.000000000000000056e-01,-1.000000000000000000e+00
1.000000000000000056e-01,-1.000000000000000000e+00
1.000000000000000056e-01,0.000000000000000000e+00
1.000000000000000056e-01,-1.000000000000000000e+00
1.000000000000000056e-01,-1.000000000000000000e+00
1.000000000000000056e-01,0.000000000000000000e+00
1.000000000000000056e-01,-1.000000000000000000e+00
1.000000000000000056e-01,-1.000000000000000000e+00
1.000000000000000056e-01,0.000000000000000000e+00
1.000000000000000056e-01,-1.000000000000000000e+00
1.000000000000000056e-01,-1.000000000000000000e+00
1.000000000000000056e-01,0.000000000000000000e+00
1.000000000000000056e-01,-1.000000000000000000e+00
1.000000000000000056e-01,-1.000000000000000000e+00
1.000000000000000056e-01,0.000000000000000000e+00
1.000000000000000056e-01,-1.000000000000000000e+00
1.000000000000000056e-01,-1.000000000000000000e+00
1.000000000000000056e-01,0.000000000000000000e+00
1.000000000000000056e-01,-1.000000000000000000e+00
1.000000000000000056e-01,-1.000000000000000000e+00
1.000000000000000056e-01,0.000000000000000000e+00
1.000000000000000056e-01,-1.000000000000000000e+00
1.000000000000000056e-01,-1.000000000000000000e+00
1.000000000000000056e-01,0.000000000000000000e+00
1.000000000000000056e-01,-1.000000000000000000e+00
1.000000000000000056e-01,-1.000000000000000000e+00
1.000000000000000056e-01,0.000000000000000000e+00
4.400000000000000022e-01,1.000000000000000000e+00
3.499999999999999778e-01,1.000000000000000000e+00
3.499999999999999778e-01,1.000000000000000000e+00
3.499999999999999778e-01,1.000000000000000000e+00
3.499999999999999778e-01,1.000000000000000000e+00
3.499999999999999778e-01,1.000000000000000000e+00
3.499999999999999778e-01,1.000000000000000000e+00
3.499999999999999778e-01,1.000000000000000000e+00
4.400000000000000022e-01,0.000000000000000000e+00
8.000000000000000444e-01,1.103690830850711624e+00
8.000000000000000444e-01,-7.200426652480750311e-01
8.000000000000000444e-01,-7.389724457440045580e-01
8.000000000000000444e-01,8.153655255104531596e-01
8.000000000000000444e-01,-7.225740433848355515e-01
8.000000000000000444e-01,3.181797329196174307e-01
8.000000000000000444e-01,3.687973296133917334e-02
8.000000000000000444e-01,-7.663221360895778878e-01
4.400000000000000022e-01,0.000000000000000000e+00
8.000000000000000444e-01,9.446432461873638387e-01
8.000000000000000444e-01,4.746572496884089443e-01
8.000000000000000444e-01,5.734006505133909526e-01
8.000000000000000444e-01,5.068883143089486509e-01
8.000000000000000444e-01,3.737155003216238169e-01
8.000000000000000444e-01,-7.727039034007149310e-01
8.000000000000000444e-01,-6.299839864618430596e-01
8.000000000000000444e-01,-5.423485771120041266e-01
8.000000000000000444e-01,-5.625555510665803949e-01
4.400000000000000022e-01,-6.343257175214723764e-01
4.400000000000000022e-01,-4.919499105545617201e-01
3.499999999999999778e-01,1.000000000000000000e+00
4.400000000000000022e-01,-1.852300242130750507e-01
3.499999999999999778e-01,1.000000000000000000e+00
4.400000000000000022e-01,-2.037756755339444059e-01
4.400000000000000022e-01,0.000000000000000000e+00
4.400000000000000022e-01,0.000000000000000000e+00
4.400000000000000022e-01,0.000000000000000000e+00
4.400000000000000022e-01,0.000000000000000000e+00
4.400000000000000022e-01,0.000000000000000000e+00
4.400000000000000022e-01,0.000000000000000000e+00
4.400000000000000022e-01,0.000000000000000000e+00
4.400000000000000022e-01,0.000000000000000000e+00
4.400000000000000022e-01,0.000000000000000000e+00
4.400000000000000022e-01,0.000000000000000000e+00
1.000000000000000056e-01,-1.000000000000000000e+00
1.000000000000000056e-01,-1.000000000000000000e+00
1.000000000000000056e-01,0.000000000000000000e+00
1.000000000000000056e-01,-1.000000000000000000e+00
1.000000000000000056e-01,-1.000000000000000000e+00
1.000000000000000056e-01,0.000000000000000000e+00
1.000000000000000056e-01,-1.000000000000000000e+00
1.000000000000000056e-01,-1.000000000000000000e+00
1.000000000000000056e-01,0.000000000000000000e+00
1.000000000000000056e-01,-1.000000000000000000e+00
1.000000000000000056e-01,-1.000000000000000000e+00
1.000000000000000056e-01,0.000000000000000000e+00
1.000000000000000056e-01,-1.000000000000000000e+00
1.000000000000000056e-01,-1.000000000000000000e+00
1.000000000000000056e-01,0.000000000000000000e+00
1.000000000000000056e-01,-1.000000000000000000e+00
1.000000000000000056e-01,-1.000000000000000000e+00
1.000000000000000056e-01,0.000000000000000000e+00
1.000000000000000056e-01,-1.000000000000000000e+00
1.000000000000000056e-01,-1.000000000000000000e+00
1.000000000000000056e-01,0.000000000000000000e+00
1.000000000000000056e-01,-1.000000000000000000e+00
1.000000000000000056e-01,-1.000000000000000000e+00
1.000000000000000056e-01,0.000000000000000000e+00
1.000000000000000056e-01,-1.000000000000000000e+00
1.000000000000000056e-01,-1.000000000000000000e+00
1.000000000000000056e-01,0.000000000000000000e+00
1.000000000000000056e-01,-1.000000000000000000e+00
1.000000000000000056e-01,-1.000000000000000000e+00
1.000000000000000056e-01,0.000000000000000000e+00
1.000000000000000056e-01,-1.000000000000000000e+00
1.000000000000000056e-01,-1.000000000000000000e+00
1.000000000000000056e-01,0.000000000000000000e+00
1.000000000000000056e-01,-1.000000000000000000e+00
1.000000000000000056e-01,-1.000000000000000000e+00
1.000000000000000056e-01,0.000000000000000000e+00
1.000000000000000056e-01,-1.000000000000000000e+00
1.000000000000000056e-01,-1.000000000000000000e+00
1.000000000000000056e-01,0.000000000000000000e+00
1.000000000000000056e-01,-1.000000000000000000e+00
1.000000000000000056e-01,-1.000000000000000000e+00
1.000000000000000056e-01,0.000000000000000000e+00
1.000000000000000056e-01,-1.000000000000000000e+00
1.000000000000000056e-01,-1.000000000000000000e+00
1.000000000000000056e-01,0.000000000000000000e+00
1.000000000000000056e-01,-1.000000000000000000e+00
1.000000000000000056e-01,-1.000000000000000000e+00
1.000000000000000056e-01,0.000000000000000000e+00
4.400000000000000022e-01,-4.067925058254728832e-01
4.400000000000000022e-01,0.000000000000000000e+00
1.000000000000000056e-01,-1.000000000000000000e+00
1.000000000000000056e-01,-1.000000000000000000e+00
1.000000000000000056e-01,0.000000000000000000e+00
1.000000000000000056e-01,-1.000000000000000000e+00
1.000000000000000056e-01,-1.000000000000000000e+00
1.000000000000000056e-01,0.000000000000000000e+00
1.000000000000000056e-01,-1.000000000000000000e+00
1.000000000000000056e-01,-1.000000000000000000e+00
1.000000000000000056e-01,0.000000000000000000e+00
1.000000000000000056e-01,-1.000000000000000000e+00
1.000000000000000056e-01,-1.000000000000000000e+00
1.000000000000000056e-01,0.000000000000000000e+00
1.000000000000000056e-01,-1.000000000000000000e+00
1.000000000000000056e-01,-1.000000000000000000e+00
1.000000000000000056e-01,0.000000000000000000e+00
1.000000000000000056e-01,-1.000000000000000000e+00
1.000000000000000056e-01,-1.000000000000000000e+00
1.000000000000000056e-01,0.000000000000000000e+00
1.000000000000000056e-01,-1.000000000000000000e+00
1.000000000000000056e-01,-1.000000000000000000e+00
1.000000000000000056e-01,0.000000000000000000e+00
1.000000000000000056e-01,-1.000000000000000000e+00
1.000000000000000056e-01,-1.000000000000000000e+00
1.000000000000000056e-01,0.000000000000000000e+00
1.000000000000000056e-01,-1.000000000000000000e+00
1.000000000000000056e-01,-1.000000000000000000e+00
1.000000000000000056e-01,0.000000000000000000e+00
1.000000000000000056e-01,-1.000000000000000000e+00
1.000000000000000056e-01,-1.000000000000000000e+00
1.000000000000000056e-01,0.000000000000000000e+00
1.000000000000000056e-01,-1.000000000000000000e+00
1.000000000000000056e-01,-1.000000000000000000e+00
1.000000000000000056e-01,0.000000000000000000e+00
1.000000000000000056e-01,-1.000000000000000000e+00
1.000000000000000056e-01,-1.000000000000000000e+00
1.000000000000000056e-01,0.000000000000000000e+00
1.000000000000000056e-01,-1.000000000000000000e+00
1.000000000000000056e-01,-1.000000000000000000e+00
1.000000000000000056e-01,0.000000000000000000e+00
1.000000000000000056e-01,-1.000000000000000000e+00
1.000000000000000056e-01,-1.000000000000000000e+00
1.000000000000000056e-01,0.000000000000000000e+00
1.000000000000000056e-01,-1.000000000000000000e+00
1.000000000000000056e-01,-1.000000000000000000e+00
1.000000000000000056e-01,0.000000000000000000e+00
1.000000000000000056e-01,-1.000000000000000000e+00
1.000000000000000056e-01,-1.000000000000000000e+00
1.000000000000000056e-01,0.000000000000000000e+00
4.400000000000000022e-01,0.000000000000000000e+00
4.400000000000000022e-01,0.000000000000000000e+00
4.400000000000000022e-01,0.000000000000000000e+00
4.400000000000000022e-01,0.000000000000000000e+00
4.400000000000000022e-01,0.000000000000000000e+00
8.000000000000000444e-01,5.405405405405405705e-02
3.499999999999999778e-01,1.000000000000000000e+00
3.499999999999999778e-01,1.000000000000000000e+00
3.499999999999999778e-01,1.000000000000000000e+00
3.499999999999999778e-01,1.000000000000000000e+00
3.499999999999999778e-01,1.000000000000000000e+00
3.499999999999999778e-01,1.000000000000000000e+00
3.499999999999999778e-01,1.000000000000000000e+00
3.499999999999999778e-01,1.000000000000000000e+00
3.499999999999999778e-01,1.000000000000000000e+00
3.499999999999999778e-01,1.000000000000000000e+00
3.499999999999999778e-01,1.000000000000000000e+00
3.499999999999999778e-01,1.000000000000000000e+00
3.499999999999999778e-01,1.000000000000000000e+00
3.499999999999999778e-01,1.000000000000000000e+00
3.499999999999999778e-01,1.000000000000000000e+00
3.499999999999999778e-01,1.000000000000000000e+00
3.499999999999999778e-01,1.000000000000000000e+00
3.499999999999999778e-01,1.000000000000000000e+00
3.499999999999999778e-01,1.000000000000000000e+00
3.499999999999999778e-01,1.000000000000000000e+00
3.499999999999999778e-01,1.000000000000000000e+00
3.499999999999999778e-01,1.000000000000000000e+00
3.499999999999999778e-01,1.000000000000000000e+00
3.499999999999999778e-01,1.000000000000000000e+00
3.499999999999999778e-01,1.000000000000000000e+00
4.400000000000000022e-01,0.000000000000000000e+00
3.499999999999999778e-01,1.000000000000000000e+00
4.400000000000000022e-01,0.000000000000000000e+00
8.000000000000000444e-01,7.286585365853658347e-01
8.000000000000000444e-01,7.526315789473684292e-01
4.400000000000000022e-01,0.000000000000000000e+00
4.400000000000000022e-01,0.000000000000000000e+00
8.000000000000000444e-01,-5.534667617892731206e-01
8.000000000000000444e-01,8.313434957182957996e-01
8.000000000000000444e-01,7.970797214321189150e-01
8.000000000000000444e-01,-2.722742127153892078e-01
4.400000000000000022e-01,1.000000000000000000e+00
4.400000000000000022e-01,0.000000000000000000e+00
4.400000000000000022e-01,0.000000000000000000e+00
3.499999999999999778e-01,1.000000000000000000e+00
4.400000000000000022e-01,-6.027411788213200561e-01
4.400000000000000022e-01,-5.586589336589337096e-01
4.400000000000000022e-01,-5.694469464961268157e-01
4.400000000000000022e-01,-4.160466269841270326e-01
3.499999999999999778e-01,1.000000000000000000e+00
4.400000000000000022e-01,-2.381919176158526774e-01
3.499999999999999778e-01,1.000000000000000000e+00
4.400000000000000022e-01,-1.928571428571428381e-01
4.400000000000000022e-01,0.000000000000000000e+00
4.400000000000000022e-01,0.000000000000000000e+00
4.400000000000000022e-01,0.000000000000000000e+00
4.400000000000000022e-01,0.000000000000000000e+00
4.400000000000000022e-01,0.000000000000000000e+00
4.400000000000000022e-01,0.000000000000000000e+00
4.400000000000000022e-01,0.000000000000000000e+00
4.400000000000000022e-01,0.000000000000000000e+00
4.400000000000000022e-01,0.000000000000000000e+00
1.000000000000000056e-01,-1.000000000000000000e+00
1.000000000000000056e-01,-1.000000000000000000e+00
1.000000000000000056e-01,0.000000000000000000e+00
1.000000000000000056e-01,-1.000000000000000000e+00
1.000000000000000056e-01,-1.000000000000000000e+00
1.000000000000000056e-01,0.000000000000000000e+00
1.000000000000000056e-01,-1.000000000000000000e+00
1.000000000000000056e-01,-1.000000000000000000e+00
1.000000000000000056e-01,0.000000000000000000e+00
1.000000000000000056e-01,-1.000000000000000000e+00
1.000000000000000056e-01,-1.000000000000000000e+00
1.000000000000000056e-01,0.000000000000000000e+00
1.000000000000000056e-01,-1.000000000000000000e+00
1.000000000000000056e-01,-1.000000000000000000e+00
1.000000000000000056e-01,0.000000000000000000e+00
1.000000000000000056e-01,-1.000000000000000000e+00
1.000000000000000056e-01,-1.000000000000000000e+00
1.000000000000000056e-01,0.000000000000000000e+00
1.000000000000000056e-01,-1.000000000000000000e+00
1.000000000000000056e-01,-1.000000000000000000e+00
1.000000000000000056e-01,0.000000000000000000e+00
1.000000000000000056e-01,-1.000000000000000000e+00
1.000000000000000056e-01,-1.000000000000000000e+00
1.000000000000000056e-01,0.000000000000000000e+00
1.000000000000000056e-01,-1.000000000000000000e+00
1.000000000000000056e-01,-1.000000000000000000e+00
1.000000000000000056e-01,0.000000000000000000e+00
1.000000000000000056e-01,-1.000000000000000000e+00
1.000000000000000056e-01,-1.000000000000000000e+00
1.000000000000000056e-01,0.000000000000000000e+00
1.000000000000000056e-01,-1.000000000000000000e+00
1.000000000000000056e-01,-1.000000000000000000e+00
1.000000000000000056e-01,0.000000000000000000e+00
1.000000000000000056e-01,-1.000000000000000000e+00
1.000000000000000056e-01,-1.000000000000000000e+00
1.000000000000000056e-01,0.000000000000000000e+00
1.000000000000000056e-01,-1.000000000000000000e+00
1.000000000000000056e-01,-1.000000000000000000e+00
1.000000000000000056e-01,0.000000000000000000e+00
1.000000000000000056e-01,-1.000000000000000000e+00
1.000000000000000056e-01,-1.000000000000000000e+00
1.000000000000000056e-01,0.000000000000000000e+00
1.000000000000000056e-01,-1.000000000000000000e+00
1.000000000000000056e-01,-1.000000000000000000e+00
1.000000000000000056e-01,0.000000000000000000e+00
1.000000000000000056e-01,-1.000000000000000000e+00
1.000000000000000056e-01,-1.000000000000000000e+00
1.000000000000000056e-01,0.000000000000000000e+00
8.000000000000000444e-01,-9.889558870199935958e-01
8.000000000000000444e-01,-1.028743332887621209e+00
8.000000000000000444e-01,6.571642878506689378e-02
8.000000000000000444e-01,9.240056113714359975e-01
8.000000000000000444e-01,-3.641149713655933429e-02
8.000000000000000444e-01,-1.047688631559599015e-01
8.000000000000000444e-01,5.944749694749694724e-01
4.400000000000000022e-01,0.000000000000000000e+00
4.400000000000000022e-01,0.000000000000000000e+00
4.400000000000000022e-01,0.000000000000000000e+00
4.400000000000000022e-01,0.000000000000000000e+00
4.400000000000000022e-01,0.000000000000000000e+00
4.400000000000000022e-01,0.000000000000000000e+00
4.400000000000000022e-01,0.000000000000000000e+00
4.400000000000000022e-01,0.000000000000000000e+00
4.400000000000000022e-01,0.000000000000000000e+00
4.400000000000000022e-01,0.000000000000000000e+00
4.400000000000000022e-01,0.000000000000000000e+00
3.499999999999999778e-01,1.000000000000000000e+00
4.400000000000000022e-01,0.000000000000000000e+00
4.400000000000000022e-01,0.000000000000000000e+00
3.499999999999999778e-01,1.000000000000000000e+00
4.400000000000000022e-01,0.000000000000000000e+00
3.499999999999999778e-01,1.000000000000000000e+00
3.499999999999999778e-01,1.000000000000000000e+00
3.499999999999999778e-01,1.000000000000000000e+00
4.400000000000000022e-01,0.000000000000000000e+00
3.499999999999999778e-01,1.000000000000000000e+00
3.499999999999999778e-01,1.000000000000000000e+00
3.499999999999999778e-01,1.000000000000000000e+00
3.499999999999999778e-01,1.000000000000000000e+00
3.499999999999999778e-01,1.000000000000000000e+00
3.499999999999999778e-01,1.000000000000000000e+00
3.499999999999999778e-01,1.000000000000000000e+00
3.499999999999999778e-01,1.000000000000000000e+00
3.499999999999999778e-01,1.000000000000000000e+00
3.499999999999999778e-01,1.000000000000000000e+00
3.499999999999999778e-01,1.000000000000000000e+00
3.499999999999999778e-01,1.000000000000000000e+00
3.499999999999999778e-01,1.000000000000000000e+00
3.499999999999999778e-01,1.000000000000000000e+00
3.499999999999999778e-01,1.000000000000000000e+00
3.499999999999999778e-01,1.000000000000000000e+00
3.499999999999999778e-01,1.000000000000000000e+00
3.499999999999999778e-01,1.000000000000000000e+00
3.499999999999999778e-01,1.000000000000000000e+00
3.499999999999999778e-01,1.000000000000000000e+00
3.499999999999999778e-01,1.000000000000000000e+00
4.400000000000000022e-01,0.000000000000000000e+00
4.400000000000000022e-01,-1.000000000000000000e+00
4.400000000000000022e-01,0.000000000000000000e+00
4.400000000000000022e-01,0.000000000000000000e+00
4.400000000000000022e-01,0.000000000000000000e+00
4.400000000000000022e-01,0.000000000000000000e+00
4.400000000000000022e-01,0.000000000000000000e+00
4.400000000000000022e-01,0.000000000000000000e+00
4.400000000000000022e-01,0.000000000000000000e+00
4.400000000000000022e-01,0.000000000000000000e+00
4.400000000000000022e-01,0.000000000000000000e+00
4.400000000000000022e-01,0.000000000000000000e+00
1.000000000000000056e-01,-1.000000000000000000e+00
1.000000000000000056e-01,-1.000000000000000000e+00
1.000000000000000056e-01,0.000000000000000000e+00
1.000000000000000056e-01,-1.000000000000000000e+00
1.000000000000000056e-01,-1.000000000000000000e+00
1.000000000000000056e-01,0.000000000000000000e+00
1.000000000000000056e-01,-1.000000000000000000e+00
1.000000000000000056e-01,-1.000000000000000000e+00
1.000000000000000056e-01,0.000000000000000000e+00
1.000000000000000056e-01,-1.000000000000000000e+00
1.000000000000000056e-01,-1.000000000000000000e+00
1.000000000000000056e-01,0.000000000000000000e+00
1.000000000000000056e-01,-1.000000000000000000e+00
1.000000000000000056e-01,-1.000000000000000000e+00
1.000000000000000056e-01,0.000000000000000000e+00
1.000000000000000056e-01,-1.000000000000000000e+00
1.000000000000000056e-01,-1.000000000000000000e+00
1.000000000000000056e-01,0.000000000000000000e+00
1.000000000000000056e-01,-1.000000000000000000e+00
1.000000000000000056e-01,-1.000000000000000000e+00
1.000000000000000056e-01,0.000000000000000000e+00
1.000000000000000056e-01,-1.000000000000000000e+00
1.000000000000000056e-01,-1.000000000000000000e+00
1.000000000000000056e-01,0.000000000000000000e+00
4.400000000000000022e-01,3.604651162790697416e-01
4.400000000000000022e-01,0.000000000000000000e+00
4.400000000000000022e-01,0.000000000000000000e+00
4.400000000000000022e-01,0.000000000000000000e+00
4.400000000000000022e-01,0.000000000000000000e+00
4.400000000000000022e-01,0.000000000000000000e+00
4.400000000000000022e-01,0.000000000000000000e+00
4.400000000000000022e-01,0.000000000000000000e+00
4.400000000000000022e-01,0.000000000000000000e+00
4.400000000000000022e-01,0.000000000000000000e+00
4.400000000000000022e-01,0.000000000000000000e+00
4.400000000000000022e-01,0.000000000000000000e+00
4.400000000000000022e-01,0.000000000000000000e+00
8.000000000000000444e-01,1.137931034482758674e-01
3.499999999999999778e-01,1.000000000000000000e+00
3.499999999999999778e-01,1.000000000000000000e+00
3.499999999999999778e-01,1.000000000000000000e+00
3.499999999999999778e-01,1.000000000000000000e+00
3.499999999999999778e-01,1.000000000000000000e+00
3.499999999999999778e-01,1.000000000000000000e+00
3.499999999999999778e-01,1.000000000000000000e+00
3.499999999999999778e-01,1.000000000000000000e+00
3.499999999999999778e-01,1.000000000000000000e+00
3.499999999999999778e-01,1.000000000000000000e+00
3.499999999999999778e-01,1.000000000000000000e+00
3.499999999999999778e-01,1.000000000000000000e+00
3.499999999999999778e-01,1.000000000000000000e+00
3.499999999999999778e-01,1.000000000000000000e+00
3.499999999999999778e-01,1.000000000000000000e+00
3.499999999999999778e-01,1.000000000000000000e+00
4.400000000000000022e-01,0.000000000000000000e+00
4.400000000000000022e-01,0.000000000000000000e+00
3.499999999999999778e-01,1.000000000000000000e+00
4.400000000000000022e-01,0.000000000000000000e+00
4.400000000000000022e-01,0.000000000000000000e+00
3.499999999999999778e-01,1.000000000000000000e+00
4.400000000000000022e-01,0.000000000000000000e+00
4.400000000000000022e-01,0.000000000000000000e+00
4.400000000000000022e-01,0.000000000000000000e+00
8.000000000000000444e-01,7.022058823529411242e-01
4.400000000000000022e-01,1.000000000000000000e+00
4.400000000000000022e-01,0.000000000000000000e+00
8.000000000000000444e-01,7.746288798920377694e-01
8.000000000000000444e-01,7.649394749607969501e-01
4.400000000000000022e-01,0.000000000000000000e+00
3.499999999999999778e-01,1.000000000000000000e+00
8.000000000000000444e-01,2.002624826154237869e-01
4.400000000000000022e-01,-8.759259259259259967e-01
4.400000000000000022e-01,-6.899193679707871230e-02
3.499999999999999778e-01,1.000000000000000000e+00
4.400000000000000022e-01,-4.118209118209118502e-01
3.499999999999999778e-01,1.000000000000000000e+00
4.400000000000000022e-01,-3.639899514899515576e-01
3.499999999999999778e-01,1.000000000000000000e+00
4.400000000000000022e-01,-1.950308238371006864e-01
3.499999999999999778e-01,1.000000000000000000e+00
4.400000000000000022e-01,-3.851278737975170063e-01
4.400000000000000022e-01,0.000000000000000000e+00
4.400000000000000022e-01,0.000000000000000000e+00
4.400000000000000022e-01,0.000000000000000000e+00
4.400000000000000022e-01,0.000000000000000000e+00
4.400000000000000022e-01,0.000000000000000000e+00
4.400000000000000022e-01,0.000000000000000000e+00
4.400000000000000022e-01,0.000000000000000000e+00
1.000000000000000056e-01,-1.000000000000000000e+00
1.000000000000000056e-01,-1.000000000000000000e+00
1.000000000000000056e-01,0.000000000000000000e+00
1.000000000000000056e-01,-1.000000000000000000e+00
1.000000000000000056e-01,-1.000000000000000000e+00
1.000000000000000056e-01,0.000000000000000000e+00
1.000000000000000056e-01,-1.000000000000000000e+00
1.000000000000000056e-01,-1.000000000000000000e+00
1.000000000000000056e-01,0.000000000000000000e+00
1.000000000000000056e-01,-1.000000000000000000e+00
1.000000000000000056e-01,-1.000000000000000000e+00
1.000000000000000056e-01,0.000000000000000000e+00
1.000000000000000056e-01,-1.000000000000000000e+00
1.000000000000000056e-01,-1.000000000000000000e+00
1.000000000000000056e-01,0.000000000000000000e+00
1.000000000000000056e-01,-1.000000000000000000e+00
1.000000000000000056e-01,-1.000000000000000000e+00
1.000000000000000056e-01,0.000000000000000000e+00
1.000000000000000056e-01,-1.000000000000000000e+00
1.000000000000000056e-01,-1.000000000000000000e+00
1.000000000000000056e-01,0.000000000000000000e+00
1.000000000000000056e-01,-1.000000000000000000e+00
1.000000000000000056e-01,-1.000000000000000000e+00
1.000000000000000056e-01,0.000000000000000000e+00
1.000000000000000056e-01,-1.000000000000000000e+00
1.000000000000000056e-01,-1.000000000000000000e+00
1.000000000000000056e-01,0.000000000000000000e+00
1.000000000000000056e-01,-1.000000000000000000e+00
1.000000000000000056e-01,-1.000000000000000000e+00
1.000000000000000056e-01,0.000000000000000000e+00
1.000000000000000056e-01,-1.000000000000000000e+00
1.000000000000000056e-01,-1.000000000000000000e+00
1.000000000000000056e-01,0.000000000000000000e+00
1.000000000000000056e-01,-1.000000000000000000e+00
1.000000000000000056e-01,-1.000000000000000000e+00
1.000000000000000056e-01,0.000000000000000000e+00
1.000000000000000056e-01,-1.000000000000000000e+00
1.000000000000000056e-01,-1.000000000000000000e+00
1.000000000000000056e-01,0.000000000000000000e+00
1.000000000000000056e-01,-1.000000000000000000e+00
1.000000000000000056e-01,-1.000000000000000000e+00
1.000000000000000056e-01,0.000000000000000000e+00
1.000000000000000056e-01,-1.000000000000000000e+00
1.000000000000000056e-01,-1.000000000000000000e+00
1.000000000000000056e-01,0.000000000000000000e+00
1.000000000000000056e-01,-1.000000000000000000e+00
1.000000000000000056e-01,-1.000000000000000000e+00
1.000000000000000056e-01,0.000000000000000000e+00
8.000000000000000444e-01,-1.007134047687000322e+00
8.000000000000000444e-01,-1.045309226952107373e+00
8.000000000000000444e-01,-3.053874336187556437e-02
8.000000000000000444e-01,-5.411253385809500216e-02
8.000000000000000444e-01,-1.956551583866499300e-01
8.000000000000000444e-01,-1.461491906522727202e-02
4.400000000000000022e-01,0.000000000000000000e+00
4.400000000000000022e-01,0.000000000000000000e+00
4.400000000000000022e-01,0.000000000000000000e+00
4.400000000000000022e-01,0.000000000000000000e+00
4.400000000000000022e-01,0.000000000000000000e+00
4.400000000000000022e-01,0.000000000000000000e+00
3.499999999999999778e-01,1.000000000000000000e+00
4.400000000000000022e-01,-6.397306497849976070e-01
4.400000000000000022e-01,-7.026815315498180503e-01
4.400000000000000022e-01,-2.219882146596834638e-01
3.499999999999999778e-01,1.000000000000000000e+00
4.400000000000000022e-01,-5.794837370019828571e-01
4.400000000000000022e-01,-3.313831089351285675e-01
4.400000000000000022e-01,0.000000000000000000e+00
4.400000000000000022e-01,0.000000000000000000e+00
4.400000000000000022e-01,0.000000000000000000e+00
4.400000000000000022e-01,0.000000000000000000e+00
4.400000000000000022e-01,0.000000000000000000e+00
4.400000000000000022e-01,0.000000000000000000e+00
4.400000000000000022e-01,0.000000000000000000e+00
4.400000000000000022e-01,0.000000000000000000e+00
1.000000000000000056e-01,-1.000000000000000000e+00
1.000000000000000056e-01,-1.000000000000000000e+00
1.000000000000000056e-01,0.000000000000000000e+00
1.000000000000000056e-01,-1.000000000000000000e+00
1.000000000000000056e-01,-1.000000000000000000e+00
1.000000000000000056e-01,0.000000000000000000e+00
1.000000000000000056e-01,-1.000000000000000000e+00
1.000000000000000056e-01,-1.000000000000000000e+00
1.000000000000000056e-01,0.000000000000000000e+00
1.000000000000000056e-01,-1.000000000000000000e+00
1.000000000000000056e-01,-1.000000000000000000e+00
1.000000000000000056e-01,0.000000000000000000e+00
1.000000000000000056e-01,-1.000000000000000000e+00
1.000000000000000056e-01,-1.000000000000000000e+00
1.000000000000000056e-01,0.000000000000000000e+00
1.000000000000000056e-01,-1.000000000000000000e+00
1.000000000000000056e-01,-1.000000000000000000e+00
1.000000000000000056e-01,0.000000000000000000e+00
1.000000000000000056e-01,-1.000000000000000000e+00
1.000000000000000056e-01,-1.000000000000000000e+00
1.000000000000000056e-01,0.000000000000000000e+00
1.000000000000000056e-01,-1.000000000000000000e+00
1.000000000000000056e-01,-1.000000000000000000e+00
1.000000000000000056e-01,0.000000000000000000e+00
1.000000000000000056e-01,-1.000000000000000000e+00
1.000000000000000056e-01,-1.000000000000000000e+00
1.000000000000000056e-01,0.000000000000000000e+00
1.000000000000000056e-01,-1.000000000000000000e+00
1.000000000000000056e-01,-1.000000000000000000e+00
1.000000000000000056e-01,0.000000000000000000e+00
1.000000000000000056e-01,-1.000000000000000000e+00
1.000000000000000056e-01,-1.000000000000000000e+00
1.000000000000000056e-01,0.000000000000000000e+00
1.000000000000000056e-01,-1.000000000000000000e+00
1.000000000000000056e-01,-1.000000000000000000e+00
1.000000000000000056e-01,0.000000000000000000e+00
1.000000000000000056e-01,-1.000000000000000000e+00
1.000000000000000056e-01,-1.000000000000000000e+00
1.000000000000000056e-01,0.000000000000000000e+00
1.000000000000000056e-01,-1.000000000000000000e+00
1.000000000000000056e-01,-1.000000000000000000e+00
1.000000000000000056e-01,0.000000000000000000e+00
1.000000000000000056e-01,-1.000000000000000000e+00
1.000000000000000056e-01,-1.000000000000000000e+00
1.000000000000000056e-01,0.000000000000000000e+00
1.000000000000000056e-01,-1.000000000000000000e+00
1.000000000000000056e-01,-1.000000000000000000e+00
1.000000000000000056e-01,0.000000000000000000e+00
8.000000000000000444e-01,9.133460198338105851e-02
8.000000000000000444e-01,-9.493894396742320607e-01
8.000000000000000444e-01,8.691904330871647044e-02
8.000000000000000444e-01,1.972963721659992675e-02
8.000000000000000444e-01,-2.994521589710691378e-01
8.000000000000000444e-01,8.940125420991318350e-03
8.000000000000000444e-01,6.769059847938674324e-02
8.000000000000000444e-01,1.532746594601019918e-01
8.000000000000000444e-01,-9.266446546810098717e-01
8.000000000000000444e-01,-8.049661434501937940e-01
8.000000000000000444e-01,9.216615101335271509e-01
8.000000000000000444e-01,-8.312324929971988130e-01
8.000000000000000444e-01,9.420530598488131568e-01
8.000000000000000444e-01,1.544200576361123289e-01
8.000000000000000444e-01,2.505719465188619433e-01
8.000000000000000444e-01,2.181767039902483551e-01
8.000000000000000444e-01,1.840463968735622791e-01
8.000000000000000444e-01,1.519295485541618529e-01
8.000000000000000444e-01,-9.298775735736209969e-01
8.000000000000000444e-01,1.751568117875017538e-01
8.000000000000000444e-01,2.325516436763629402e-01
8.000000000000000444e-01,9.418141438282967570e-02
8.000000000000000444e-01,1.574433866000131133e-01
8.000000000000000444e-01,2.290450936565255891e-01
8.000000000000000444e-01,-7.817295414938032483e-01
8.000000000000000444e-01,2.366997939091347591e-01
8.000000000000000444e-01,-8.068478903169726824e-01
8.000000000000000444e-01,5.055821078351441233e-02
8.000000000000000444e-01,1.261688311688312636e-01
8.000000000000000444e-01,4.500121644376653407e-02
8.000000000000000444e-01,1.854534909541669663e-01
8.000000000000000444e-01,-4.863432511909959732e-02
8.000000000000000444e-01,-1.174242424242424310e-01
8.000000000000000444e-01,9.647248963530320465e-01
8.000000000000000444e-01,3.227520792764980717e-01
1.000000000000000056e-01,2.227304123225083421e-01
1.000000000000000056e-01,1.996540312654181415e-01
1.000000000000000056e-01,1.802092844392962911e-01
1.000000000000000056e-01,1.954396467151239269e-01
1.000000000000000056e-01,2.282639244878401641e-01
1.000000000000000056e-01,1.997452564005937070e-01
1.000000000000000056e-01,2.936016668495354809e-01
1.000000000000000056e-01,-8.987667502605640735e-01
1.000000000000000056e-01,1.344698263837664776e-01
1.000000000000000056e-01,8.219091558695423849e-02
1.000000000000000056e-01,6.659003623697246077e-02
1.000000000000000056e-01,-9.105814327331877012e-01
1.000000000000000056e-01,9.676585229255896259e-02
1.000000000000000056e-01,1.711497010569178467e-01
1.000000000000000056e-01,1.560953326798397711e-01
1.000000000000000056e-01,1.376463592107369793e-01
1.000000000000000056e-01,1.824367673802985701e-01
1.000000000000000056e-01,3.424523882104923977e-02
1.000000000000000056e-01,-9.435713127707743286e-01
1.000000000000000056e-01,1.252133106620056946e-01
1.000000000000000056e-01,1.692700124651591587e-01
1.000000000000000056e-01,1.258699609775205674e-01
1.000000000000000056e-01,5.772496238337199159e-02
1.000000000000000056e-01,1.031716128234236862e-01
1.000000000000000056e-01,1.199983981887379203e-01
1.000000000000000056e-01,-8.060876904961109535e-01
1.000000000000000056e-01,1.826033960575742521e-01
1.000000000000000056e-01,-7.874616007129072726e-01
1.000000000000000056e-01,-8.375501012599723127e-01
1.000000000000000056e-01,0.000000000000000000e+00
1.000000000000000056e-01,8.985661904140164191e-01
1.000000000000000056e-01,9.803921568627449457e-02
1.000000000000000056e-01,-8.751233655872701078e-01
1.000000000000000056e-01,1.016367416762822273e-01
1.000000000000000056e-01,-3.881378979363303561e-02
1.000000000000000056e-01,9.212349576601068790e-01
1.000000000000000056e-01,1.937911904677077635e-01
1.000000000000000056e-01,3.057010067740464354e-01
1.000000000000000056e-01,2.636361569583388631e-01
1.000000000000000056e-01,2.180549705288737927e-01
1.000000000000000056e-01,-8.226735101347272261e-01
1.000000000000000056e-01,2.696561067171341364e-01
1.000000000000000056e-01,2.898332103053464781e-01
1.000000000000000056e-01,-8.460222425902275134e-01
1.000000000000000056e-01,2.611023719642621144e-01
1.000000000000000056e-01,3.018980108907978188e-01
1.000000000000000056e-01,2.807672398982943296e-01
1.000000000000000056e-01,-8.056067848636415674e-01
1.000000000000000056e-01,-8.387777352986987012e-01
1.000000000000000056e-01,9.567650883643473714e-01
1.000000000000000056e-01,2.335787570453500273e-01
1.000000000000000056e-01,2.837922158116152893e-01
1.000000000000000056e-01,1.861364520199449979e-01
1.000000000000000056e-01,9.768671893607949741e-02
1.000000000000000056e-01,-7.839778362393229338e-01
1.000000000000000056e-01,-8.563278648081904532e-01
1.000000000000000056e-01,2.121606659264959616e-01
1.000000000000000056e-01,1.744351017366805312e-01
1.000000000000000056e-01,2.326848976305500027e-01
1.000000000000000056e-01,2.875408196035130759e-01
1.000000000000000056e-01,2.780496699312920983e-01
1.000000000000000056e-01,-7.771521898678668272e-01
1.000000000000000056e-01,2.342132430096834916e-01
1.000000000000000056e-01,1.531979153789283510e-01
1.000000000000000056e-01,2.099673902347297672e-01
1.000000000000000056e-01,2.498897598380127594e-01
1.000000000000000056e-01,-9.454634075601816567e-01
1.000000000000000056e-01,1.952970430091303111e-01
1.000000000000000056e-01,2.464463228144819773e-01
1.000000000000000056e-01,1.625373336600957064e-01
1.000000000000000056e-01,-8.579749005130163919e-01
1.000000000000000056e-01,1.096713057863127894e-01
1.000000000000000056e-01,-9.501401530617181734e-03
1.000000000000000056e-01,-2.785502180847498899e-02
1.000000000000000056e-01,-2.699645562848107527e-02
1.000000000000000056e-01,1.271145450892285922e-01
1.000000000000000056e-01,1.677537819722310086e-01
1.000000000000000056e-01,2.031100944144424991e-01
1.000000000000000056e-01,1.000000000000000000e+00
1.000000000000000056e-01,1.667646209714956917e-01
1.000000000000000056e-01,2.016532174142526834e-01
1.000000000000000056e-01,-8.945321029478227048e-01
1.000000000000000056e-01,1.954488624851766776e-01
1.000000000000000056e-01,1.676450542986133163e-01
1.000000000000000056e-01,2.531308933848067655e-01
1.000000000000000056e-01,-9.045352258558235770e-01
1.000000000000000056e-01,2.253639116661698694e-01
1.000000000000000056e-01,1.608783090414103167e-01
1.000000000000000056e-01,1.841750232855445812e-01
1.000000000000000056e-01,1.182740813448893702e-01
1.000000000000000056e-01,1.461213358052529943e-01
1.000000000000000056e-01,1.683003356531646011e-01
1.000000000000000056e-01,1.941452677329591481e-01
1.000000000000000056e-01,1.379080647698208706e-01
1.000000000000000056e-01,2.420578953101704123e-02
1.000000000000000056e-01,-9.134911360464106345e-01
1.000000000000000056e-01,1.733129714045952285e-01
1.000000000000000056e-01,1.569627280854399842e-01
1.000000000000000056e-01,1.461995293441143984e-01
1.000000000000000056e-01,8.394607095646822170e-02
1.000000000000000056e-01,1.244776800635911673e-01
1.000000000000000056e-01,1.010440088198331088e-01
1.000000000000000056e-01,1.037932669006798037e-01
1.000000000000000056e-01,1.218224268332298577e-01
1.000000000000000056e-01,-9.909133044252591560e-01
1.000000000000000056e-01,1.518042444410290237e-01
1.000000000000000056e-01,1.106121882253395805e-01
1.000000000000000056e-01,1.276573714727741171e-01
1.000000000000000056e-01,8.694457980049219437e-02
1.000000000000000056e-01,-9.631921423918188285e-01
1.000000000000000056e-01,2.327299645749539847e-01
1.000000000000000056e-01,9.631908731101512799e-02
1.000000000000000056e-01,5.546590507035964457e-02
1.000000000000000056e-01,8.173877789955452666e-02
1.000000000000000056e-01,1.098233626984685962e-01
1.000000000000000056e-01,1.002876795398827126e-01
1.000000000000000056e-01,9.485767949902279561e-02
1.000000000000000056e-01,9.081981060715771381e-02
1.000000000000000056e-01,3.009503653034162340e-02
1.000000000000000056e-01,8.374007877384881393e-02
1.000000000000000056e-01,-9.892018616329060210e-01
1.000000000000000056e-01,1.354822187597933825e-01
1.000000000000000056e-01,9.912555542455003810e-02
1.000000000000000056e-01,6.281447607107382147e-02
1.000000000000000056e-01,9.029893741826278131e-02
1.000000000000000056e-01,2.895458832542907590e-02
1.000000000000000056e-01,7.197185981439147007e-02
1.000000000000000056e-01,1.339726523564916949e-01
1.000000000000000056e-01,7.262280768512741069e-02
1.000000000000000056e-01,2.983297462916434384e-02
1.000000000000000056e-01,-9.969262157378102618e-01
1.000000000000000056e-01,1.064385946644427205e-01
1.000000000000000056e-01,1.094160244674251548e-01
1.000000000000000056e-01,1.293931824078665693e-01
1.000000000000000056e-01,-6.138929759136835251e-02
1.000000000000000056e-01,7.246643202046532117e-02
1.000000000000000056e-01,-3.265402548047058318e-02
1.000000000000000056e-01,1.116276850736749315e-01
1.000000000000000056e-01,1.149006163054292484e-01
1.000000000000000056e-01,7.027624356939754513e-02
1.000000000000000056e-01,7.033219900218290466e-02
1.000000000000000056e-01,5.458724713010931762e-02
1.000000000000000056e-01,4.332501741712468935e-02
1.000000000000000056e-01,9.876810400503788223e-02
1.000000000000000056e-01,1.262715347888309081e-01
1.000000000000000056e-01,7.867187073841497291e-02
1.000000000000000056e-01,-1.417120465846588573e-02
1.000000000000000056e-01,5.777783763920363302e-02
1.000000000000000056e-01,-9.843706840987768159e-01
1.000000000000000056e-01,1.452040884023741985e-01
1.000000000000000056e-01,1.702182296725543997e-01
1.000000000000000056e-01,1.806842262604011484e-01
1.000000000000000056e-01,8.923388798904019481e-02
1.000000000000000056e-01,1.582077820312495220e-01
1.000000000000000056e-01,9.570493042951255802e-02
1.000000000000000056e-01,-8.756631298923271967e-01
1.000000000000000056e-01,2.244978964903776575e-01
1.000000000000000056e-01,-8.291745180167241491e-01
1.000000000000000056e-01,-6.661130126320841116e-01
1.000000000000000056e-01,7.538461538461538325e-01
1.000000000000000056e-01,2.174454737911696300e-01
1.000000000000000056e-01,1.578236638678770509e-01
1.000000000000000056e-01,2.130727866244274127e-01
1.000000000000000056e-01,2.509995210223994189e-01
1.000000000000000056e-01,1.499524829446295948e-01
1.000000000000000056e-01,1.683641993751461285e-01
1.000000000000000056e-01,-8.171421389971094129e-01
1.000000000000000056e-01,2.062271392650097956e-01
1.000000000000000056e-01,1.488987099856664553e-01
1.000000000000000056e-01,2.067460136421789274e-01
1.000000000000000056e-01,1.519667212220404684e-01
1.000000000000000056e-01,-8.746602097987894453e-01
1.000000000000000056e-01,1.116881318376956589e-01
1.000000000000000056e-01,6.080546241269080276e-02
1.000000000000000056e-01,-8.784534916116985004e-01
1.000000000000000056e-01,-1.893491124260354708e-01
1.000000000000000056e-01,1.044444444444444287e+00
1.000000000000000056e-01,8.754826254826264531e-02
1.000000000000000056e-01,1.692297242044898953e-01
1.000000000000000056e-01,2.081613044396044554e-01
1.000000000000000056e-01,-8.203589272901273821e-01
1.000000000000000056e-01,-8.652230181678653986e-01
1.000000000000000056e-01,9.677419354838709964e-01
1.000000000000000056e-01,1.683571333244361368e-01
1.000000000000000056e-01,-8.393718572924743215e-01
1.000000000000000056e-01,8.175238427879811809e-01
1.000000000000000056e-01,1.121588321292092960e-01
1.000000000000000056e-01,-8.395945162170768139e-01
1.000000000000000056e-01,7.025089605734766707e-01
1.000000000000000056e-01,-8.991735168625790697e-01
1.000000000000000056e-01,1.392753623188405232e-01
1.000000000000000056e-01,-1.704954954954954749e-01
1.000000000000000056e-01,1.627217125382262042e-01
1.000000000000000056e-01,0.000000000000000000e+00
1.000000000000000056e-01,1.035353535353535248e+00
1.000000000000000056e-01,2.113647769540693000e-01
1.000000000000000056e-01,3.056023447356506217e-01
1.000000000000000056e-01,2.096420679292085865e-01
1.000000000000000056e-01,2.251311387922395602e-01
1.000000000000000056e-01,-8.860986080477717408e-01
8.000000000000000444e-01,-7.927371629519747165e-01
8.000000000000000444e-01,2.398676592224978643e-01
8.000000000000000444e-01,-9.379844961240310086e-01
8.000000000000000444e-01,1.100000000000000089e+00
8.000000000000000444e-01,-9.216595970307529528e-01
8.000000000000000444e-01,1.097826086956521729e+00
8.000000000000000444e-01,1.131175734834271474e+00
8.000000000000000444e-01,-7.983514535276456936e-01
8.000000000000000444e-01,-6.578947368421053099e-01
8.000000000000000444e-01,9.424157303370787053e-01
8.000000000000000444e-01,-5.601851851851852304e-01
8.000000000000000444e-01,-6.641666666666666829e-01
8.000000000000000444e-01,-4.432048681541582158e-01
3.499999999999999778e-01,1.000000000000000000e+00
4.400000000000000022e-01,-1.364694500710463276e-01
3.499999999999999778e-01,1.000000000000000000e+00
4.400000000000000022e-01,-1.661706349206349131e-01
4.400000000000000022e-01,0.000000000000000000e+00
4.400000000000000022e-01,0.000000000000000000e+00
4.400000000000000022e-01,0.000000000000000000e+00
4.400000000000000022e-01,0.000000000000000000e+00
4.400000000000000022e-01,0.000000000000000000e+00
4.400000000000000022e-01,0.000000000000000000e+00
4.400000000000000022e-01,0.000000000000000000e+00
4.400000000000000022e-01,0.000000000000000000e+00
4.400000000000000022e-01,0.000000000000000000e+00
1.000000000000000056e-01,-1.000000000000000000e+00
1.000000000000000056e-01,-1.000000000000000000e+00
1.000000000000000056e-01,0.000000000000000000e+00
1.000000000000000056e-01,-1.000000000000000000e+00
1.000000000000000056e-01,-1.000000000000000000e+00
1.000000000000000056e-01,0.000000000000000000e+00
1.000000000000000056e-01,-1.000000000000000000e+00
1.000000000000000056e-01,-1.000000000000000000e+00
1.000000000000000056e-01,0.000000000000000000e+00
1.000000000000000056e-01,-1.000000000000000000e+00
1.000000000000000056e-01,-1.000000000000000000e+00
1.000000000000000056e-01,0.000000000000000000e+00
1.000000000000000056e-01,-1.000000000000000000e+00
1.000000000000000056e-01,-1.000000000000000000e+00
1.000000000000000056e-01,0.000000000000000000e+00
1.000000000000000056e-01,-1.000000000000000000e+00
1.000000000000000056e-01,-1.000000000000000000e+00
1.000000000000000056e-01,0.000000000000000000e+00
1.000000000000000056e-01,-1.000000000000000000e+00
1.000000000000000056e-01,-1.000000000000000000e+00
1.000000000000000056e-01,0.000000000000000000e+00
1.000000000000000056e-01,-1.000000000000000000e+00
1.000000000000000056e-01,-1.000000000000000000e+00
1.000000000000000056e-01,0.000000000000000000e+00
1.000000000000000056e-01,-1.000000000000000000e+00
1.000000000000000056e-01,-1.000000000000000000e+00
1.000000000000000056e-01,0.000000000000000000e+00
1.000000000000000056e-01,-1.000000000000000000e+00
1.000000000000000056e-01,-1.000000000000000000e+00
1.000000000000000056e-01,0.000000000000000000e+00
1.000000000000000056e-01,-1.000000000000000000e+00
1.000000000000000056e-01,-1.000000000000000000e+00
1.000000000000000056e-01,0.000000000000000000e+00
1.000000000000000056e-01,-1.000000000000000000e+00
1.000000000000000056e-01,-1.000000000000000000e+00
1.000000000000000056e-01,0.000000000000000000e+00
1.000000000000000056e-01,-1.000000000000000000e+00
1.000000000000000056e-01,-1.000000000000000000e+00
1.000000000000000056e-01,0.000000000000000000e+00
1.000000000000000056e-01,-1.000000000000000000e+00
1.000000000000000056e-01,-1.000000000000000000e+00
1.000000000000000056e-01,0.000000000000000000e+00
1.000000000000000056e-01,-1.000000000000000000e+00
1.000000000000000056e-01,-1.000000000000000000e+00
1.000000000000000056e-01,0.000000000000000000e+00
1.000000000000000056e-01,-1.000000000000000000e+00
1.000000000000000056e-01,-1.000000000000000000e+00
1.000000000000000056e-01,0.000000000000000000e+00
4.400000000000000022e-01,-2.609491045642586826e-01
4.400000000000000022e-01,0.000000000000000000e+00
1.000000000000000056e-01,-1.000000000000000000e+00
1.000000000000000056e-01,-1.000000000000000000e+00
1.000000000000000056e-01,0.000000000000000000e+00
1.000000000000000056e-01,-1.000000000000000000e+00
1.000000000000000056e-01,-1.000000000000000000e+00
1.000000000000000056e-01,0.000000000000000000e+00
1.000000000000000056e-01,-1.000000000000000000e+00
1.000000000000000056e-01,-1.000000000000000000e+00
1.000000000000000056e-01,0.000000000000000000e+00
1.000000000000000056e-01,-1.000000000000000000e+00
1.000000000000000056e-01,-1.000000000000000000e+00
1.000000000000000056e-01,0.000000000000000000e+00
1.000000000000000056e-01,-1.000000000000000000e+00
1.000000000000000056e-01,-1.000000000000000000e+00
1.000000000000000056e-01,0.000000000000000000e+00
1.000000000000000056e-01,-1.000000000000000000e+00
1.000000000000000056e-01,-1.000000000000000000e+00
1.000000000000000056e-01,0.000000000000000000e+00
1.000000000000000056e-01,-1.000000000000000000e+00
1.000000000000000056e-01,-1.000000000000000000e+00
1.000000000000000056e-01,0.000000000000000000e+00
1.000000000000000056e-01,-1.000000000000000000e+00
1.000000000000000056e-01,-1.000000000000000000e+00
1.000000000000000056e-01,0.000000000000000000e+00
1.000000000000000056e-01,-1.000000000000000000e+00
1.000000000000000056e-01,-1.000000000000000000e+00
1.000000000000000056e-01,0.000000000000000000e+00
1.000000000000000056e-01,-1.000000000000000000e+00
1.000000000000000056e-01,-1.000000000000000000e+00
1.000000000000000056e-01,0.000000000000000000e+00
1.000000000000000056e-01,-1.000000000000000000e+00
1.000000000000000056e-01,-1.000000000000000000e+00
1.000000000000000056e-01,0.000000000000000000e+00
1.000000000000000056e-01,-1.000000000000000000e+00
1.000000000000000056e-01,-1.000000000000000000e+00
1.000000000000000056e-01,0.000000000000000000e+00
1.000000000000000056e-01,-1.000000000000000000e+00
1.000000000000000056e-01,-1.000000000000000000e+00
1.000000000000000056e-01,0.000000000000000000e+00
1.000000000000000056e-01,-1.000000000000000000e+00
1.000000000000000056e-01,-1.000000000000000000e+00
1.000000000000000056e-01,0.000000000000000000e+00
1.000000000000000056e-01,-1.000000000000000000e+00
1.000000000000000056e-01,-1.000000000000000000e+00
1.000000000000000056e-01,0.000000000000000000e+00
1.000000000000000056e-01,-1.000000000000000000e+00
1.000000000000000056e-01,-1.000000000000000000e+00
1.000000000000000056e-01,0.000000000000000000e+00
4.400000000000000022e-01,0.000000000000000000e+00
4.400000000000000022e-01,0.000000000000000000e+00
8.000000000000000444e-01,6.666666666666666574e-02
3.499999999999999778e-01,1.000000000000000000e+00
3.499999999999999778e-01,1.000000000000000000e+00
3.499999999999999778e-01,1.000000000000000000e+00
3.499999999999999778e-01,1.000000000000000000e+00
3.499999999999999778e-01,1.000000000000000000e+00
3.499999999999999778e-01,1.000000000000000000e+00
3.499999999999999778e-01,1.000000000000000000e+00
3.499999999999999778e-01,1.000000000000000000e+00
3.499999999999999778e-01,1.000000000000000000e+00
3.499999999999999778e-01,1.000000000000000000e+00
3.499999999999999778e-01,1.000000000000000000e+00
3.499999999999999778e-01,1.000000000000000000e+00
3.499999999999999778e-01,1.000000000000000000e+00
3.499999999999999778e-01,1.000000000000000000e+00
3.499999999999999778e-01,1.000000000000000000e+00
3.499999999999999778e-01,1.000000000000000000e+00
3.499999999999999778e-01,1.000000000000000000e+00
3.499999999999999778e-01,1.000000000000000000e+00
3.499999999999999778e-01,1.000000000000000000e+00
3.499999999999999778e-01,1.000000000000000000e+00
3.499999999999999778e-01,1.000000000000000000e+00
4.400000000000000022e-01,0.000000000000000000e+00
3.499999999999999778e-01,1.000000000000000000e+00
4.400000000000000022e-01,0.000000000000000000e+00
4.400000000000000022e-01,0.000000000000000000e+00
3.499999999999999778e-01,1.000000000000000000e+00
4.400000000000000022e-01,0.000000000000000000e+00
4.400000000000000022e-01,0.000000000000000000e+00
3.499999999999999778e-01,1.000000000000000000e+00
4.400000000000000022e-01,0.000000000000000000e+00
4.400000000000000022e-01,0.000000000000000000e+00
4.400000000000000022e-01,1.000000000000000000e+00
4.400000000000000022e-01,0.000000000000000000e+00
4.400000000000000022e-01,0.000000000000000000e+00
4.400000000000000022e-01,0.000000000000000000e+00
3.499999999999999778e-01,1.000000000000000000e+00
4.400000000000000022e-01,0.000000000000000000e+00
4.400000000000000022e-01,0.000000000000000000e+00
3.499999999999999778e-01,1.000000000000000000e+00
8.000000000000000444e-01,-5.518429560982762716e-02
8.000000000000000444e-01,6.332930233270678277e-01
4.400000000000000022e-01,0.000000000000000000e+00
3.499999999999999778e-01,1.000000000000000000e+00
8.000000000000000444e-01,4.733104066985646119e-01
4.400000000000000022e-01,0.000000000000000000e+00
8.000000000000000444e-01,-7.739212007504692181e-02
8.000000000000000444e-01,3.604938271604938294e-01
4.400000000000000022e-01,0.000000000000000000e+00
3.499999999999999778e-01,1.000000000000000000e+00
4.400000000000000022e-01,0.000000000000000000e+00
3.499999999999999778e-01,1.000000000000000000e+00
